1 0.205078 0.0286458 0.205078 0.0325521 0.204102 0.0338542 0.203125 0.0338542 0.202148 0.0351562 0.199219 0.0351562 0.198242 0.0364583 0.195312 0.0364583 0.194336 0.0377604 0.193359 0.0377604 0.192383 0.0390625 0.19043 0.0390625 0.189453 0.0403646 0.186523 0.0403646 0.185547 0.0416667 0.183594 0.0416667 0.182617 0.0429688 0.181641 0.0429688 0.180664 0.0442708 0.178711 0.0442708 0.177734 0.0455729 0.176758 0.0455729 0.175781 0.046875 0.173828 0.046875 0.172852 0.0481771 0.170898 0.0481771 0.169922 0.0494792 0.168945 0.0494792 0.167969 0.0507812 0.165039 0.0507812 0.164062 0.0520833 0.161133 0.0520833 0.160156 0.0533854 0.158203 0.0533854 0.157227 0.0546875 0.15625 0.0546875 0.155273 0.0559896 0.15332 0.0559896 0.152344 0.0572917 0.150391 0.0572917 0.149414 0.0585938 0.148438 0.0585938 0.147461 0.0598958 0.145508 0.0598958 0.144531 0.0611979 0.142578 0.0611979 0.141602 0.0625 0.139648 0.0625 0.138672 0.0638021 0.137695 0.0638021 0.136719 0.0651042 0.135742 0.0651042 0.134766 0.0664062 0.133789 0.0664062 0.132812 0.0677083 0.130859 0.0677083 0.129883 0.0690104 0.128906 0.0690104 0.12793 0.0703125 0.126953 0.0703125 0.125 0.0729167 0.124023 0.0729167 0.123047 0.0742188 0.12207 0.0742188 0.119141 0.078125 0.118164 0.078125 0.117188 0.0794271 0.116211 0.0794271 0.115234 0.0807292 0.114258 0.0807292 0.112305 0.0833333 0.111328 0.0833333 0.110352 0.0846354 0.109375 0.0846354 0.106445 0.0885417 0.105469 0.0885417 0.0986328 0.0976562 0.0976562 0.0976562 0.09375 0.102865 0.0927734 0.102865 0.0878906 0.109375 0.0869141 0.109375 0.0761719 0.123698 0.0751953 0.123698 0.0693359 0.13151 0.0683594 0.13151 0.0634766 0.138021 0.0605469 0.138021 0.0605469 0.171875 0.0644531 0.171875 0.0664062 0.174479 0.0673828 0.174479 0.0683594 0.175781 0.0693359 0.175781 0.0703125 0.177083 0.0732422 0.177083 0.0742188 0.178385 0.0800781 0.178385 0.0810547 0.177083 0.0859375 0.177083 0.0869141 0.175781 0.0927734 0.175781 0.09375 0.174479 0.0986328 0.174479 0.0996094 0.173177 0.101562 0.173177 0.102539 0.171875 0.105469 0.171875 0.106445 0.170573 0.109375 0.170573 0.110352 0.169271 0.111328 0.169271 0.112305 0.167969 0.114258 0.167969 0.115234 0.166667 0.116211 0.166667 0.117188 0.165365 0.119141 0.165365 0.120117 0.164062 0.12207 0.164062 0.123047 0.16276 0.124023 0.16276 0.125 0.161458 0.125977 0.161458 0.126953 0.160156 0.12793 0.160156 0.128906 0.158854 0.129883 0.158854 0.130859 0.157552 0.131836 0.157552 0.132812 0.15625 0.133789 0.15625 0.135742 0.153646 0.136719 0.153646 0.137695 0.152344 0.138672 0.152344 0.139648 0.151042 0.141602 0.151042 0.142578 0.14974 0.143555 0.14974 0.144531 0.148438 0.145508 0.148438 0.146484 0.147135 0.147461 0.147135 0.148438 0.145833 0.149414 0.145833 0.150391 0.144531 0.151367 0.144531 0.152344 0.143229 0.15332 0.143229 0.154297 0.141927 0.155273 0.141927 0.15625 0.140625 0.158203 0.140625 0.15918 0.139323 0.161133 0.139323 0.162109 0.138021 0.163086 0.138021 0.165039 0.135417 0.166016 0.135417 0.166992 0.134115 0.167969 0.134115 0.168945 0.132812 0.170898 0.132812 0.171875 0.13151 0.173828 0.13151 0.174805 0.130208 0.176758 0.130208 0.177734 0.128906 0.178711 0.128906 0.179688 0.127604 0.180664 0.127604 0.181641 0.126302 0.183594 0.126302 0.18457 0.125 0.186523 0.125 0.1875 0.123698 0.193359 0.123698 0.194336 0.122396 0.202148 0.122396 0.203125 0.121094 0.205078 0.121094 0.213867 0.109375 0.214844 0.109375 0.21582 0.108073 0.216797 0.108073 0.219727 0.104167 0.22168 0.104167 0.222656 0.102865 0.223633 0.102865 0.224609 0.101562 0.225586 0.101562 0.226562 0.10026 0.227539 0.10026 0.228516 0.0989583 0.229492 0.0989583 0.230469 0.0976562 0.232422 0.0976562 0.233398 0.0963542 0.234375 0.0963542 0.235352 0.0950521 0.236328 0.0950521 0.237305 0.09375 0.238281 0.09375 0.239258 0.0924479 0.241211 0.0924479 0.242188 0.0911458 0.243164 0.0911458 0.244141 0.0898438 0.246094 0.0898438 0.24707 0.0885417 0.248047 0.0885417 0.249023 0.0872396 0.25 0.0872396 0.250977 0.0859375 0.25293 0.0859375 0.253906 0.0846354 0.254883 0.0846354 0.255859 0.0833333 0.256836 0.0833333 0.257812 0.0820312 0.258789 0.0820312 0.259766 0.0807292 0.260742 0.0807292 0.262695 0.078125 0.263672 0.078125 0.264648 0.0768229 0.264648 0.0755208 0.268555 0.0703125 0.268555 0.0690104 0.271484 0.0651042 0.271484 0.0638021 0.273438 0.0611979 0.273438 0.0598958 0.275391 0.0572917 0.27832 0.0572917 0.27832 0.0416667 0.274414 0.0416667 0.272461 0.0390625 0.272461 0.0377604 0.269531 0.0338542 0.269531 0.0286458
0 0.128906 0.596354 0.128906 0.601562 0.124023 0.608073 0.123047 0.608073 0.121094 0.610677 0.120117 0.610677 0.116211 0.615885 0.115234 0.615885 0.112305 0.619792 0.111328 0.619792 0.109375 0.622396 0.108398 0.622396 0.106445 0.625 0.105469 0.625 0.103516 0.627604 0.102539 0.627604 0.101562 0.628906 0.100586 0.628906 0.0996094 0.630208 0.0976562 0.630208 0.0966797 0.63151 0.0947266 0.63151 0.09375 0.632812 0.0908203 0.632812 0.0898438 0.634115 0.0888672 0.634115 0.0878906 0.635417 0.0869141 0.635417 0.0859375 0.636719 0.0859375 0.638021 0.0849609 0.639323 0.0849609 0.643229 0.0839844 0.644531 0.0839844 0.647135 0.0830078 0.648438 0.0830078 0.651042 0.0820312 0.652344 0.0820312 0.653646 0.0810547 0.654948 0.0810547 0.657552 0.0791016 0.660156 0.0791016 0.661458 0.078125 0.66276 0.078125 0.664062 0.0771484 0.665365 0.0771484 0.667969 0.0761719 0.669271 0.0761719 0.670573 0.0751953 0.671875 0.0751953 0.673177 0.0742188 0.674479 0.0742188 0.675781 0.0732422 0.677083 0.0732422 0.679688 0.0712891 0.682292 0.0683594 0.682292 0.0683594 0.785156 0.0712891 0.785156 0.0742188 0.789062 0.0742188 0.790365 0.0791016 0.796875 0.0791016 0.798177 0.0800781 0.799479 0.0810547 0.799479 0.0830078 0.802083 0.0849609 0.802083 0.0859375 0.803385 0.0898438 0.803385 0.0908203 0.802083 0.0947266 0.802083 0.0957031 0.800781 0.0966797 0.800781 0.0976562 0.799479 0.0986328 0.799479 0.100586 0.796875 0.101562 0.796875 0.102539 0.795573 0.103516 0.795573 0.104492 0.794271 0.105469 0.794271 0.107422 0.791667 0.108398 0.791667 0.109375 0.790365 0.110352 0.790365 0.111328 0.789062 0.112305 0.789062 0.114258 0.786458 0.115234 0.786458 0.116211 0.785156 0.117188 0.785156 0.118164 0.783854 0.120117 0.783854 0.121094 0.782552 0.12207 0.782552 0.123047 0.78125 0.124023 0.78125 0.125977 0.778646 0.126953 0.778646 0.133789 0.769531 0.133789 0.768229 0.137695 0.763021 0.137695 0.761719 0.142578 0.755208 0.142578 0.753906 0.145508 0.75 0.145508 0.748698 0.149414 0.74349 0.149414 0.742188 0.151367 0.739583 0.151367 0.738281 0.152344 0.736979 0.152344 0.735677 0.15332 0.734375 0.15332 0.733073 0.154297 0.731771 0.154297 0.730469 0.155273 0.729167 0.155273 0.727865 0.15625 0.726562 0.15625 0.72526 0.157227 0.723958 0.157227 0.722656 0.158203 0.721354 0.158203 0.720052 0.15918 0.71875 0.15918 0.716146 0.160156 0.714844 0.160156 0.71224 0.161133 0.710938 0.161133 0.709635 0.162109 0.708333 0.162109 0.704427 0.163086 0.703125 0.163086 0.700521 0.164062 0.699219 0.164062 0.696615 0.165039 0.695312 0.165039 0.69401 0.166016 0.692708 0.166016 0.690104 0.166992 0.688802 0.166992 0.683594 0.167969 0.682292 0.167969 0.664062 0.168945 0.66276 0.168945 0.639323 0.167969 0.638021 0.167969 0.627604 0.166992 0.626302 0.166992 0.619792 0.166016 0.61849 0.166016 0.617188 0.165039 0.615885 0.165039 0.613281 0.164062 0.611979 0.164062 0.609375 0.163086 0.608073 0.163086 0.606771 0.162109 0.605469 0.162109 0.604167 0.160156 0.601562 0.160156 0.596354
0 0.205078 0.367188 0.205078 0.371094 0.203125 0.373698 0.202148 0.373698 0.201172 0.375 0.200195 0.375 0.199219 0.376302 0.198242 0.376302 0.197266 0.377604 0.196289 0.377604 0.194336 0.380208 0.193359 0.380208 0.191406 0.382812 0.19043 0.382812 0.18457 0.390625 0.183594 0.390625 0.181641 0.393229 0.180664 0.393229 0.178711 0.395833 0.177734 0.395833 0.176758 0.397135 0.175781 0.397135 0.173828 0.39974 0.172852 0.39974 0.170898 0.402344 0.169922 0.402344 0.165039 0.408854 0.164062 0.408854 0.162109 0.411458 0.161133 0.411458 0.157227 0.416667 0.15625 0.416667 0.151367 0.423177 0.150391 0.423177 0.148438 0.425781 0.148438 0.427083 0.136719 0.442708 0.136719 0.44401 0.132812 0.449219 0.132812 0.450521 0.129883 0.454427 0.129883 0.455729 0.128906 0.457031 0.128906 0.458333 0.104492 0.490885 0.104492 0.492188 0.101562 0.496094 0.101562 0.497396 0.0996094 0.5 0.0996094 0.501302 0.0976562 0.503906 0.0976562 0.505208 0.0966797 0.50651 0.0966797 0.507812 0.0957031 0.509115 0.0957031 0.510417 0.0947266 0.511719 0.0947266 0.513021 0.09375 0.514323 0.09375 0.515625 0.0927734 0.516927 0.0927734 0.518229 0.0917969 0.519531 0.0917969 0.520833 0.0908203 0.522135 0.0908203 0.523438 0.0898438 0.52474 0.0898438 0.526042 0.0888672 0.527344 0.0888672 0.528646 0.0878906 0.529948 0.0878906 0.53125 0.0869141 0.532552 0.0869141 0.533854 0.0859375 0.535156 0.0859375 0.536458 0.0849609 0.53776 0.0849609 0.540365 0.0839844 0.541667 0.0839844 0.544271 0.0830078 0.545573 0.0830078 0.548177 0.0820312 0.549479 0.0820312 0.550781 0.0810547 0.552083 0.0810547 0.553385 0.0791016 0.55599 0.0761719 0.55599 0.0761719 0.609375 0.0791016 0.609375 0.0810547 0.611979 0.0810547 0.613281 0.0820312 0.614583 0.0820312 0.615885 0.0830078 0.617188 0.0830078 0.621094 0.0839844 0.622396 0.0839844 0.623698 0.0849609 0.625 0.0849609 0.626302 0.0859375 0.627604 0.0859375 0.63151 0.102539 0.63151 0.102539 0.626302 0.109375 0.617188 0.110352 0.617188 0.118164 0.606771 0.119141 0.606771 0.123047 0.601562 0.124023 0.601562 0.125977 0.598958 0.12793 0.598958 0.128906 0.597656 0.129883 0.597656 0.130859 0.596354 0.131836 0.596354 0.132812 0.595052 0.133789 0.595052 0.134766 0.59375 0.135742 0.59375 0.137695 0.591146 0.138672 0.591146 0.148438 0.578125 0.148438 0.576823 0.152344 0.571615 0.152344 0.570312 0.157227 0.563802 0.157227 0.5625 0.160156 0.558594 0.160156 0.557292 0.164062 0.552083 0.164062 0.550781 0.169922 0.542969 0.169922 0.541667 0.175781 0.533854 0.175781 0.532552 0.19043 0.513021 0.19043 0.511719 0.193359 0.507812 0.193359 0.50651 0.197266 0.501302 0.197266 0.5 0.199219 0.497396 0.199219 0.496094 0.204102 0.489583 0.204102 0.488281 0.206055 0.485677 0.206055 0.484375 0.209961 0.479167 0.209961 0.477865 0.211914 0.47526 0.211914 0.473958 0.214844 0.470052 0.214844 0.46875 0.216797 0.466146 0.216797 0.464844 0.217773 0.463542 0.217773 0.46224 0.219727 0.459635 0.219727 0.458333 0.220703 0.457031 0.220703 0.455729 0.22168 0.454427 0.22168 0.453125 0.223633 0.450521 0.223633 0.449219 0.224609 0.447917 0.224609 0.446615 0.226562 0.44401 0.226562 0.442708 0.228516 0.440104 0.228516 0.438802 0.230469 0.436198 0.230469 0.434896 0.231445 0.433594 0.231445 0.432292 0.232422 0.43099 0.232422 0.429688 0.233398 0.428385 0.233398 0.425781 0.234375 0.424479 0.234375 0.421875 0.235352 0.420573 0.235352 0.417969 0.236328 0.416667 0.236328 0.41276 0.237305 0.411458 0.237305 0.407552 0.238281 0.40625 0.238281 0.378906 0.237305 0.377604 0.237305 0.375 0.236328 0.373698 0.236328 0.367188
0 0.74707 0.445312 0.74707 0.450521 0.746094 0.451823 0.746094 0.455729 0.745117 0.457031 0.745117 0.458333 0.744141 0.459635 0.744141 0.460938 0.741211 0.464844 0.741211 0.466146 0.736328 0.472656 0.732422 0.472656 0.732422 0.514323 0.735352 0.514323 0.737305 0.516927 0.737305 0.518229 0.738281 0.519531 0.738281 0.520833 0.739258 0.522135 0.739258 0.523438 0.741211 0.526042 0.741211 0.527344 0.742188 0.528646 0.742188 0.529948 0.743164 0.53125 0.743164 0.532552 0.744141 0.533854 0.744141 0.535156 0.745117 0.536458 0.745117 0.53776 0.74707 0.540365 0.74707 0.541667 0.749023 0.544271 0.749023 0.545573 0.750977 0.548177 0.750977 0.549479 0.753906 0.553385 0.753906 0.554688 0.756836 0.558594 0.756836 0.559896 0.759766 0.563802 0.759766 0.565104 0.767578 0.575521 0.767578 0.576823 0.785156 0.60026 0.786133 0.60026 0.791992 0.608073 0.792969 0.608073 0.796875 0.613281 0.797852 0.613281 0.799805 0.615885 0.800781 0.615885 0.802734 0.61849 0.803711 0.61849 0.804688 0.619792 0.805664 0.619792 0.807617 0.622396 0.807617 0.626302 0.824219 0.626302 0.824219 0.621094 0.826172 0.61849 0.826172 0.617188 0.830078 0.611979 0.830078 0.610677 0.831055 0.609375 0.831055 0.608073 0.833984 0.604167 0.836914 0.604167 0.836914 0.571615 0.833984 0.571615 0.833008 0.570312 0.833008 0.566406 0.832031 0.565104 0.832031 0.559896 0.831055 0.558594 0.831055 0.554688 0.830078 0.553385 0.830078 0.552083 0.829102 0.550781 0.829102 0.549479 0.828125 0.548177 0.828125 0.545573 0.827148 0.544271 0.827148 0.541667 0.826172 0.540365 0.826172 0.539062 0.825195 0.53776 0.825195 0.536458 0.824219 0.535156 0.824219 0.532552 0.823242 0.53125 0.823242 0.529948 0.822266 0.528646 0.822266 0.527344 0.821289 0.526042 0.821289 0.523438 0.820312 0.522135 0.820312 0.520833 0.819336 0.519531 0.819336 0.518229 0.818359 0.516927 0.818359 0.515625 0.816406 0.513021 0.816406 0.511719 0.81543 0.510417 0.81543 0.509115 0.811523 0.503906 0.811523 0.502604 0.807617 0.497396 0.807617 0.496094 0.802734 0.489583 0.802734 0.488281 0.798828 0.483073 0.798828 0.481771 0.794922 0.476562 0.794922 0.47526 0.793945 0.473958 0.793945 0.472656 0.791992 0.470052 0.791992 0.46875 0.788086 0.463542 0.788086 0.46224 0.78418 0.457031 0.783203 0.457031 0.77832 0.450521 0.77832 0.445312
1 0.116211 0.783854 0.116211 0.78776 0.115234 0.789062 0.114258 0.789062 0.113281 0.790365 0.112305 0.790365 0.111328 0.791667 0.110352 0.791667 0.107422 0.795573 0.105469 0.795573 0.104492 0.796875 0.102539 0.796875 0.101562 0.798177 0.0996094 0.798177 0.0986328 0.799479 0.0966797 0.799479 0.0957031 0.800781 0.0927734 0.800781 0.0917969 0.802083 0.0898438 0.802083 0.0888672 0.803385 0.0878906 0.803385 0.0869141 0.804688 0.0849609 0.804688 0.0839844 0.80599 0.0791016 0.80599 0.078125 0.807292 0.0722656 0.807292 0.0722656 0.841146 0.0771484 0.841146 0.078125 0.842448 0.0791016 0.842448 0.0800781 0.84375 0.0810547 0.84375 0.0820312 0.845052 0.0830078 0.845052 0.0839844 0.846354 0.0849609 0.846354 0.0859375 0.847656 0.0869141 0.847656 0.0878906 0.848958 0.0898438 0.848958 0.0908203 0.85026 0.0917969 0.85026 0.0927734 0.851562 0.0947266 0.851562 0.0957031 0.852865 0.0966797 0.852865 0.0976562 0.854167 0.0996094 0.854167 0.100586 0.855469 0.101562 0.855469 0.102539 0.856771 0.103516 0.856771 0.104492 0.858073 0.106445 0.858073 0.107422 0.859375 0.108398 0.859375 0.109375 0.860677 0.111328 0.860677 0.112305 0.861979 0.114258 0.861979 0.115234 0.863281 0.117188 0.863281 0.118164 0.864583 0.121094 0.864583 0.12207 0.865885 0.124023 0.865885 0.125 0.867188 0.129883 0.867188 0.130859 0.86849 0.137695 0.86849 0.138672 0.869792 0.146484 0.869792 0.147461 0.871094 0.151367 0.871094 0.152344 0.872396 0.15625 0.872396 0.157227 0.873698 0.163086 0.873698 0.164062 0.875 0.203125 0.875 0.204102 0.876302 0.216797 0.876302 0.217773 0.875 0.224609 0.875 0.225586 0.873698 0.229492 0.873698 0.230469 0.872396 0.232422 0.872396 0.233398 0.871094 0.235352 0.871094 0.236328 0.869792 0.238281 0.869792 0.239258 0.86849 0.242188 0.86849 0.243164 0.867188 0.245117 0.867188 0.246094 0.865885 0.24707 0.865885 0.248047 0.864583 0.249023 0.864583 0.25 0.863281 0.251953 0.863281 0.25293 0.861979 0.254883 0.861979 0.255859 0.860677 0.256836 0.860677 0.257812 0.859375 0.258789 0.859375 0.259766 0.858073 0.260742 0.858073 0.261719 0.856771 0.262695 0.856771 0.263672 0.855469 0.263672 0.854167 0.265625 0.851562 0.265625 0.848958 0.267578 0.846354 0.270508 0.846354 0.270508 0.845052 0.267578 0.845052 0.266602 0.84375 0.266602 0.841146 0.265625 0.839844 0.265625 0.83724 0.264648 0.835938 0.264648 0.834635 0.262695 0.832031 0.262695 0.830729 0.260742 0.828125 0.260742 0.826823 0.254883 0.81901 0.253906 0.81901 0.25293 0.817708 0.251953 0.817708 0.250977 0.816406 0.25 0.816406 0.249023 0.815104 0.248047 0.815104 0.24707 0.813802 0.246094 0.813802 0.245117 0.8125 0.243164 0.8125 0.242188 0.811198 0.241211 0.811198 0.240234 0.809896 0.239258 0.809896 0.238281 0.808594 0.237305 0.808594 0.236328 0.807292 0.235352 0.807292 0.234375 0.80599 0.233398 0.80599 0.232422 0.804688 0.231445 0.804688 0.230469 0.803385 0.229492 0.803385 0.228516 0.802083 0.227539 0.802083 0.226562 0.800781 0.224609 0.800781 0.223633 0.799479 0.222656 0.799479 0.22168 0.798177 0.219727 0.798177 0.21875 0.796875 0.216797 0.796875 0.21582 0.795573 0.213867 0.795573 0.212891 0.794271 0.210938 0.794271 0.209961 0.792969 0.208984 0.792969 0.208008 0.791667 0.204102 0.791667 0.203125 0.790365 0.198242 0.790365 0.197266 0.789062 0.195312 0.789062 0.194336 0.78776 0.194336 0.783854
0 0.212891 0.195312 0.212891 0.199219 0.210938 0.201823 0.209961 0.201823 0.208984 0.203125 0.208008 0.203125 0.207031 0.204427 0.206055 0.204427 0.204102 0.207031 0.203125 0.207031 0.199219 0.21224 0.198242 0.21224 0.194336 0.217448 0.193359 0.217448 0.1875 0.22526 0.186523 0.22526 0.167969 0.25 0.167969 0.251302 0.166016 0.253906 0.165039 0.253906 0.157227 0.264323 0.15625 0.264323 0.15332 0.268229 0.152344 0.268229 0.149414 0.272135 0.148438 0.272135 0.144531 0.277344 0.144531 0.278646 0.139648 0.285156 0.139648 0.286458 0.136719 0.290365 0.135742 0.290365 0.133789 0.292969 0.130859 0.292969 0.130859 0.3125 0.134766 0.3125 0.136719 0.315104 0.136719 0.316406 0.139648 0.320312 0.140625 0.320312 0.142578 0.322917 0.143555 0.322917 0.144531 0.324219 0.145508 0.324219 0.146484 0.325521 0.148438 0.325521 0.149414 0.326823 0.152344 0.326823 0.15332 0.328125 0.155273 0.328125 0.15625 0.329427 0.158203 0.329427 0.15918 0.330729 0.160156 0.330729 0.161133 0.332031 0.162109 0.332031 0.163086 0.333333 0.164062 0.333333 0.165039 0.334635 0.166992 0.334635 0.167969 0.335938 0.169922 0.335938 0.170898 0.33724 0.171875 0.33724 0.172852 0.338542 0.173828 0.338542 0.175781 0.341146 0.175781 0.345052 0.191406 0.345052 0.191406 0.341146 0.192383 0.339844 0.193359 0.339844 0.194336 0.338542 0.195312 0.338542 0.196289 0.33724 0.198242 0.33724 0.199219 0.335938 0.200195 0.335938 0.201172 0.334635 0.202148 0.334635 0.203125 0.333333 0.204102 0.333333 0.206055 0.330729 0.207031 0.330729 0.208008 0.329427 0.208984 0.329427 0.210938 0.326823 0.212891 0.326823 0.214844 0.324219 0.21582 0.324219 0.21875 0.320312 0.219727 0.320312 0.223633 0.315104 0.224609 0.315104 0.227539 0.311198 0.228516 0.311198 0.231445 0.307292 0.232422 0.307292 0.234375 0.304688 0.235352 0.304688 0.237305 0.302083 0.238281 0.302083 0.240234 0.299479 0.241211 0.299479 0.244141 0.295573 0.245117 0.295573 0.246094 0.294271 0.24707 0.294271 0.25 0.290365 0.250977 0.290365 0.254883 0.285156 0.254883 0.283854 0.259766 0.277344 0.259766 0.276042 0.261719 0.273438 0.261719 0.272135 0.262695 0.270833 0.262695 0.269531 0.264648 0.266927 0.264648 0.265625 0.265625 0.264323 0.265625 0.263021 0.266602 0.261719 0.266602 0.260417 0.267578 0.259115 0.267578 0.257812 0.268555 0.25651 0.268555 0.255208 0.270508 0.252604 0.270508 0.251302 0.271484 0.25 0.271484 0.248698 0.272461 0.247396 0.272461 0.246094 0.275391 0.242188 0.27832 0.242188 0.27832 0.21224 0.275391 0.21224 0.272461 0.208333 0.272461 0.207031 0.267578 0.200521 0.267578 0.195312
1 0.299805 0.856771 0.299805 0.860677 0.298828 0.861979 0.296875 0.861979 0.295898 0.863281 0.291992 0.863281 0.291016 0.864583 0.289062 0.864583 0.288086 0.865885 0.286133 0.865885 0.285156 0.867188 0.28418 0.867188 0.283203 0.86849 0.28125 0.86849 0.280273 0.869792 0.279297 0.869792 0.27832 0.871094 0.277344 0.871094 0.276367 0.872396 0.275391 0.872396 0.274414 0.873698 0.273438 0.873698 0.272461 0.875 0.271484 0.875 0.270508 0.876302 0.269531 0.876302 0.266602 0.880208 0.265625 0.880208 0.264648 0.88151 0.263672 0.88151 0.259766 0.886719 0.255859 0.886719 0.255859 0.917969 0.259766 0.917969 0.262695 0.921875 0.263672 0.921875 0.266602 0.925781 0.266602 0.927083 0.268555 0.929688 0.269531 0.929688 0.272461 0.933594 0.273438 0.933594 0.274414 0.934896 0.276367 0.934896 0.277344 0.936198 0.279297 0.936198 0.280273 0.9375 0.28125 0.9375 0.282227 0.938802 0.283203 0.938802 0.28418 0.940104 0.287109 0.940104 0.288086 0.941406 0.291016 0.941406 0.291992 0.942708 0.294922 0.942708 0.295898 0.94401 0.298828 0.94401 0.299805 0.945312 0.303711 0.945312 0.304688 0.946615 0.308594 0.946615 0.30957 0.947917 0.313477 0.947917 0.314453 0.949219 0.317383 0.949219 0.318359 0.950521 0.318359 0.954427 0.333984 0.954427 0.333984 0.950521 0.334961 0.949219 0.337891 0.949219 0.338867 0.947917 0.34375 0.947917 0.344727 0.946615 0.347656 0.946615 0.348633 0.945312 0.350586 0.945312 0.351562 0.94401 0.353516 0.94401 0.354492 0.942708 0.357422 0.942708 0.358398 0.941406 0.360352 0.941406 0.361328 0.940104 0.364258 0.940104 0.365234 0.938802 0.371094 0.938802 0.37207 0.9375 0.37793 0.9375 0.378906 0.936198 0.384766 0.936198 0.385742 0.934896 0.388672 0.934896 0.389648 0.933594 0.391602 0.933594 0.392578 0.932292 0.396484 0.932292 0.397461 0.93099 0.402344 0.93099 0.40332 0.929688 0.40625 0.929688 0.407227 0.928385 0.408203 0.928385 0.40918 0.927083 0.410156 0.927083 0.411133 0.925781 0.413086 0.925781 0.414062 0.924479 0.415039 0.924479 0.416016 0.923177 0.418945 0.923177 0.419922 0.921875 0.421875 0.921875 0.422852 0.920573 0.424805 0.920573 0.425781 0.919271 0.427734 0.919271 0.428711 0.917969 0.429688 0.917969 0.430664 0.916667 0.431641 0.916667 0.432617 0.915365 0.433594 0.915365 0.43457 0.914062 0.435547 0.914062 0.436523 0.91276 0.4375 0.91276 0.438477 0.911458 0.439453 0.911458 0.44043 0.910156 0.441406 0.910156 0.442383 0.908854 0.443359 0.908854 0.449219 0.901042 0.449219 0.89974 0.451172 0.897135 0.450195 0.895833 0.450195 0.891927 0.447266 0.888021 0.446289 0.888021 0.439453 0.878906 0.438477 0.878906 0.435547 0.875 0.43457 0.875 0.432617 0.872396 0.431641 0.872396 0.429688 0.869792 0.428711 0.869792 0.426758 0.867188 0.425781 0.867188 0.423828 0.864583 0.422852 0.864583 0.421875 0.863281 0.419922 0.863281 0.418945 0.861979 0.417969 0.861979 0.416992 0.860677 0.416992 0.856771 0.350586 0.856771 0.350586 0.860677 0.349609 0.861979 0.348633 0.861979 0.347656 0.863281 0.341797 0.863281 0.34082 0.864583 0.319336 0.864583 0.318359 0.863281 0.313477 0.863281 0.3125 0.861979 0.30957 0.861979 0.308594 0.860677 0.308594 0.856771
0 0.886719 0.585938 0.886719 0.591146 0.885742 0.592448 0.885742 0.59375 0.880859 0.60026 0.876953 0.60026 0.876953 0.734375 0.879883 0.734375 0.881836 0.736979 0.881836 0.742188 0.882812 0.74349 0.882812 0.747396 0.883789 0.748698 0.883789 0.752604 0.884766 0.753906 0.884766 0.757812 0.885742 0.759115 0.885742 0.761719 0.886719 0.763021 0.886719 0.765625 0.887695 0.766927 0.887695 0.768229 0.888672 0.769531 0.888672 0.770833 0.889648 0.772135 0.889648 0.773438 0.890625 0.77474 0.890625 0.777344 0.891602 0.778646 0.891602 0.779948 0.892578 0.78125 0.892578 0.782552 0.893555 0.783854 0.893555 0.786458 0.894531 0.78776 0.894531 0.790365 0.895508 0.791667 0.895508 0.794271 0.896484 0.795573 0.896484 0.798177 0.897461 0.799479 0.897461 0.800781 0.898438 0.802083 0.898438 0.803385 0.899414 0.804688 0.899414 0.80599 0.900391 0.807292 0.900391 0.808594 0.901367 0.809896 0.901367 0.811198 0.902344 0.8125 0.902344 0.813802 0.905273 0.817708 0.905273 0.81901 0.910156 0.825521 0.910156 0.826823 0.914062 0.832031 0.914062 0.833333 0.916016 0.835938 0.916016 0.83724 0.922852 0.846354 0.922852 0.847656 0.926758 0.852865 0.926758 0.854167 0.930664 0.859375 0.930664 0.860677 0.942383 0.876302 0.943359 0.876302 0.946289 0.880208 0.947266 0.880208 0.948242 0.88151 0.948242 0.886719 0.969727 0.886719 0.969727 0.882812 0.967773 0.880208 0.967773 0.878906 0.966797 0.877604 0.966797 0.867188 0.967773 0.865885 0.967773 0.864583 0.96875 0.863281 0.96875 0.861979 0.969727 0.860677 0.969727 0.859375 0.970703 0.858073 0.973633 0.858073 0.973633 0.785156 0.970703 0.785156 0.969727 0.783854 0.969727 0.778646 0.96875 0.777344 0.96875 0.766927 0.967773 0.765625 0.967773 0.760417 0.966797 0.759115 0.966797 0.755208 0.96582 0.753906 0.96582 0.751302 0.964844 0.75 0.964844 0.747396 0.963867 0.746094 0.963867 0.74349 0.962891 0.742188 0.962891 0.740885 0.961914 0.739583 0.961914 0.736979 0.960938 0.735677 0.960938 0.730469 0.959961 0.729167 0.959961 0.72526 0.958984 0.723958 0.958984 0.722656 0.958008 0.721354 0.958008 0.71875 0.957031 0.717448 0.957031 0.714844 0.956055 0.713542 0.956055 0.710938 0.955078 0.709635 0.955078 0.708333 0.954102 0.707031 0.954102 0.704427 0.953125 0.703125 0.953125 0.700521 0.952148 0.699219 0.952148 0.695312 0.951172 0.69401 0.951172 0.690104 0.950195 0.688802 0.950195 0.6875 0.949219 0.686198 0.949219 0.683594 0.948242 0.682292 0.948242 0.678385 0.947266 0.677083 0.947266 0.674479 0.946289 0.673177 0.946289 0.671875 0.945312 0.670573 0.945312 0.667969 0.944336 0.666667 0.944336 0.664062 0.943359 0.66276 0.943359 0.661458 0.942383 0.660156 0.942383 0.658854 0.941406 0.657552 0.941406 0.65625 0.939453 0.653646 0.939453 0.652344 0.938477 0.651042 0.938477 0.64974 0.9375 0.648438 0.9375 0.647135 0.936523 0.645833 0.936523 0.643229 0.935547 0.641927 0.935547 0.640625 0.93457 0.639323 0.93457 0.638021 0.933594 0.636719 0.933594 0.635417 0.931641 0.632812 0.931641 0.63151 0.930664 0.630208 0.930664 0.628906 0.929688 0.627604 0.929688 0.626302 0.928711 0.625 0.928711 0.623698 0.926758 0.621094 0.926758 0.619792 0.925781 0.61849 0.925781 0.617188 0.923828 0.614583 0.923828 0.613281 0.921875 0.610677 0.921875 0.609375 0.918945 0.605469 0.918945 0.604167 0.916016 0.60026 0.916016 0.598958 0.913086 0.595052 0.913086 0.59375 0.911133 0.591146 0.911133 0.585938
1 0.732422 0.705729 0.732422 0.739583 0.736328 0.739583 0.737305 0.740885 0.738281 0.740885 0.740234 0.74349 0.741211 0.74349 0.742188 0.744792 0.743164 0.744792 0.744141 0.746094 0.745117 0.746094 0.746094 0.747396 0.74707 0.747396 0.749023 0.75 0.75 0.75 0.750977 0.751302 0.751953 0.751302 0.75293 0.752604 0.753906 0.752604 0.754883 0.753906 0.755859 0.753906 0.757812 0.75651 0.758789 0.75651 0.759766 0.757812 0.761719 0.757812 0.762695 0.759115 0.764648 0.759115 0.765625 0.760417 0.766602 0.760417 0.767578 0.761719 0.768555 0.761719 0.770508 0.764323 0.771484 0.764323 0.772461 0.765625 0.773438 0.765625 0.774414 0.766927 0.775391 0.766927 0.776367 0.768229 0.777344 0.768229 0.77832 0.769531 0.779297 0.769531 0.780273 0.770833 0.78125 0.770833 0.782227 0.772135 0.783203 0.772135 0.78418 0.773438 0.785156 0.773438 0.786133 0.77474 0.788086 0.77474 0.789062 0.776042 0.790039 0.776042 0.791016 0.777344 0.791992 0.777344 0.792969 0.778646 0.793945 0.778646 0.794922 0.779948 0.797852 0.779948 0.798828 0.78125 0.801758 0.78125 0.802734 0.782552 0.806641 0.782552 0.807617 0.783854 0.810547 0.783854 0.811523 0.785156 0.8125 0.785156 0.813477 0.786458 0.814453 0.786458 0.81543 0.78776 0.817383 0.78776 0.818359 0.789062 0.819336 0.789062 0.820312 0.790365 0.821289 0.790365 0.822266 0.791667 0.824219 0.791667 0.825195 0.792969 0.826172 0.792969 0.827148 0.794271 0.829102 0.794271 0.831055 0.796875 0.832031 0.796875 0.833984 0.799479 0.834961 0.799479 0.838867 0.804688 0.839844 0.804688 0.84375 0.809896 0.844727 0.809896 0.853516 0.821615 0.854492 0.821615 0.860352 0.829427 0.861328 0.829427 0.866211 0.835938 0.867188 0.835938 0.878906 0.851562 0.878906 0.852865 0.880859 0.855469 0.880859 0.856771 0.887695 0.865885 0.887695 0.867188 0.898438 0.88151 0.898438 0.882812 0.90332 0.889323 0.90332 0.890625 0.911133 0.901042 0.911133 0.902344 0.919922 0.914062 0.919922 0.915365 0.927734 0.925781 0.927734 0.927083 0.932617 0.933594 0.932617 0.934896 0.935547 0.938802 0.935547 0.940104 0.936523 0.940104 0.938477 0.942708 0.938477 0.94401 0.950195 0.959635 0.950195 0.964844 0.96582 0.964844 0.96582 0.924479 0.962891 0.924479 0.956055 0.915365 0.956055 0.914062 0.953125 0.910156 0.953125 0.908854 0.947266 0.901042 0.947266 0.89974 0.945312 0.897135 0.945312 0.895833 0.944336 0.894531 0.944336 0.893229 0.942383 0.890625 0.942383 0.889323 0.939453 0.885417 0.939453 0.884115 0.9375 0.88151 0.9375 0.880208 0.93457 0.876302 0.93457 0.875 0.931641 0.871094 0.931641 0.869792 0.927734 0.864583 0.927734 0.863281 0.924805 0.859375 0.924805 0.858073 0.922852 0.855469 0.922852 0.854167 0.920898 0.851562 0.920898 0.85026 0.916016 0.84375 0.916016 0.842448 0.912109 0.83724 0.912109 0.835938 0.908203 0.830729 0.908203 0.829427 0.879883 0.791667 0.878906 0.791667 0.874023 0.785156 0.873047 0.785156 0.869141 0.779948 0.868164 0.779948 0.838867 0.740885 0.837891 0.740885 0.835938 0.738281 0.834961 0.738281 0.833008 0.735677 0.832031 0.735677 0.830078 0.733073 0.829102 0.733073 0.828125 0.731771 0.827148 0.731771 0.826172 0.730469 0.825195 0.730469 0.824219 0.729167 0.823242 0.729167 0.822266 0.727865 0.820312 0.727865 0.819336 0.726562 0.818359 0.726562 0.817383 0.72526 0.81543 0.72526 0.814453 0.723958 0.811523 0.723958 0.810547 0.722656 0.807617 0.722656 0.806641 0.721354 0.803711 0.721354 0.802734 0.720052 0.800781 0.720052 0.799805 0.71875 0.797852 0.71875 0.796875 0.717448 0.792969 0.717448 0.791992 0.716146 0.789062 0.716146 0.788086 0.714844 0.786133 0.714844 0.785156 0.713542 0.783203 0.713542 0.782227 0.71224 0.78125 0.71224 0.779297 0.709635 0.779297 0.705729
1 0.583984 0.289062 0.583984 0.292969 0.581055 0.296875 0.580078 0.296875 0.578125 0.299479 0.577148 0.299479 0.576172 0.300781 0.575195 0.300781 0.574219 0.302083 0.573242 0.302083 0.572266 0.303385 0.571289 0.303385 0.570312 0.304688 0.569336 0.304688 0.567383 0.307292 0.566406 0.307292 0.56543 0.308594 0.564453 0.308594 0.560547 0.313802 0.55957 0.313802 0.543945 0.334635 0.542969 0.334635 0.539062 0.339844 0.538086 0.339844 0.536133 0.342448 0.535156 0.342448 0.533203 0.345052 0.532227 0.345052 0.527344 0.351562 0.527344 0.352865 0.524414 0.356771 0.524414 0.358073 0.523438 0.359375 0.523438 0.360677 0.522461 0.361979 0.522461 0.363281 0.521484 0.364583 0.521484 0.365885 0.520508 0.367188 0.520508 0.36849 0.518555 0.371094 0.518555 0.372396 0.516602 0.375 0.516602 0.376302 0.515625 0.377604 0.515625 0.380208 0.514648 0.38151 0.514648 0.382812 0.513672 0.384115 0.513672 0.386719 0.512695 0.388021 0.512695 0.393229 0.511719 0.394531 0.511719 0.397135 0.510742 0.398438 0.510742 0.39974 0.509766 0.401042 0.509766 0.402344 0.508789 0.403646 0.508789 0.404948 0.499023 0.417969 0.498047 0.417969 0.486328 0.433594 0.485352 0.433594 0.484375 0.434896 0.483398 0.434896 0.481445 0.4375 0.480469 0.4375 0.477539 0.441406 0.477539 0.442708 0.476562 0.44401 0.476562 0.445312 0.472656 0.450521 0.472656 0.451823 0.47168 0.453125 0.47168 0.454427 0.470703 0.455729 0.470703 0.457031 0.469727 0.458333 0.469727 0.459635 0.46582 0.464844 0.464844 0.464844 0.462891 0.467448 0.458984 0.467448 0.458984 0.520833 0.461914 0.520833 0.463867 0.523438 0.464844 0.523438 0.467773 0.527344 0.467773 0.532552 0.484375 0.532552 0.484375 0.528646 0.485352 0.527344 0.485352 0.526042 0.487305 0.523438 0.487305 0.522135 0.499023 0.50651 0.5 0.50651 0.50293 0.502604 0.503906 0.502604 0.505859 0.5 0.506836 0.5 0.507812 0.498698 0.508789 0.498698 0.509766 0.497396 0.510742 0.497396 0.511719 0.496094 0.512695 0.496094 0.513672 0.494792 0.515625 0.494792 0.516602 0.49349 0.518555 0.49349 0.519531 0.492188 0.521484 0.492188 0.522461 0.490885 0.523438 0.490885 0.524414 0.489583 0.525391 0.489583 0.527344 0.486979 0.52832 0.486979 0.529297 0.485677 0.530273 0.485677 0.532227 0.483073 0.533203 0.483073 0.53418 0.481771 0.535156 0.481771 0.540039 0.47526 0.540039 0.473958 0.542969 0.470052 0.542969 0.46875 0.544922 0.466146 0.544922 0.464844 0.546875 0.46224 0.546875 0.460938 0.547852 0.459635 0.547852 0.458333 0.548828 0.457031 0.548828 0.454427 0.549805 0.453125 0.549805 0.450521 0.550781 0.449219 0.550781 0.447917 0.551758 0.446615 0.551758 0.445312 0.556641 0.438802 0.563477 0.438802 0.564453 0.4375 0.56543 0.4375 0.566406 0.436198 0.567383 0.436198 0.570312 0.432292 0.571289 0.432292 0.573242 0.429688 0.574219 0.429688 0.578125 0.424479 0.579102 0.424479 0.581055 0.421875 0.582031 0.421875 0.583008 0.420573 0.583984 0.420573 0.586914 0.416667 0.587891 0.416667 0.59082 0.41276 0.591797 0.41276 0.59375 0.410156 0.594727 0.410156 0.59668 0.407552 0.597656 0.407552 0.600586 0.403646 0.601562 0.403646 0.604492 0.39974 0.605469 0.39974 0.607422 0.397135 0.608398 0.397135 0.611328 0.393229 0.612305 0.393229 0.614258 0.390625 0.615234 0.390625 0.617188 0.388021 0.618164 0.388021 0.621094 0.384115 0.62207 0.384115 0.624023 0.38151 0.625 0.38151 0.626953 0.378906 0.62793 0.378906 0.629883 0.376302 0.630859 0.376302 0.630859 0.375 0.632812 0.372396 0.633789 0.372396 0.634766 0.371094 0.634766 0.369792 0.641602 0.360677 0.641602 0.359375 0.643555 0.356771 0.644531 0.356771 0.646484 0.354167 0.649414 0.354167 0.649414 0.34375 0.646484 0.34375 0.644531 0.341146 0.644531 0.339844 0.643555 0.338542 0.643555 0.335938 0.642578 0.334635 0.642578 0.333333 0.641602 0.332031 0.641602 0.330729 0.640625 0.329427 0.640625 0.326823 0.639648 0.325521 0.639648 0.324219 0.638672 0.322917 0.638672 0.321615 0.637695 0.320312 0.637695 0.31901 0.636719 0.317708 0.636719 0.316406 0.634766 0.313802 0.634766 0.3125 0.631836 0.308594 0.631836 0.307292 0.628906 0.303385 0.628906 0.302083 0.626953 0.299479 0.626953 0.298177 0.625977 0.296875 0.625977 0.295573 0.625 0.294271 0.625 0.289062
1 0.307617 0.346354 0.307617 0.35026 0.301758 0.358073 0.300781 0.358073 0.297852 0.361979 0.296875 0.361979 0.296875 0.363281 0.292969 0.36849 0.291992 0.36849 0.288086 0.373698 0.287109 0.373698 0.285156 0.376302 0.28418 0.376302 0.282227 0.378906 0.28125 0.378906 0.279297 0.38151 0.27832 0.38151 0.276367 0.384115 0.275391 0.384115 0.272461 0.388021 0.271484 0.388021 0.269531 0.390625 0.268555 0.390625 0.265625 0.394531 0.264648 0.394531 0.260742 0.39974 0.259766 0.39974 0.253906 0.407552 0.25293 0.407552 0.241211 0.423177 0.241211 0.424479 0.238281 0.428385 0.238281 0.429688 0.237305 0.43099 0.237305 0.432292 0.234375 0.436198 0.234375 0.4375 0.233398 0.438802 0.233398 0.440104 0.231445 0.442708 0.231445 0.44401 0.229492 0.446615 0.229492 0.447917 0.227539 0.450521 0.227539 0.451823 0.225586 0.454427 0.225586 0.455729 0.224609 0.457031 0.224609 0.458333 0.222656 0.460938 0.222656 0.46224 0.220703 0.464844 0.220703 0.466146 0.21875 0.46875 0.21875 0.470052 0.21582 0.473958 0.21582 0.47526 0.213867 0.477865 0.213867 0.479167 0.211914 0.481771 0.211914 0.483073 0.208984 0.486979 0.208984 0.488281 0.208008 0.489583 0.208008 0.490885 0.206055 0.49349 0.206055 0.494792 0.203125 0.498698 0.203125 0.5 0.200195 0.503906 0.200195 0.505208 0.195312 0.511719 0.195312 0.513021 0.189453 0.520833 0.185547 0.520833 0.185547 0.56901 0.202148 0.56901 0.202148 0.565104 0.203125 0.563802 0.204102 0.563802 0.205078 0.5625 0.207031 0.5625 0.208008 0.561198 0.208984 0.561198 0.209961 0.559896 0.211914 0.559896 0.212891 0.558594 0.213867 0.558594 0.214844 0.557292 0.216797 0.557292 0.217773 0.55599 0.21875 0.55599 0.219727 0.554688 0.22168 0.554688 0.222656 0.553385 0.223633 0.553385 0.225586 0.550781 0.226562 0.550781 0.228516 0.548177 0.230469 0.548177 0.231445 0.546875 0.232422 0.546875 0.234375 0.544271 0.235352 0.544271 0.236328 0.542969 0.237305 0.542969 0.238281 0.541667 0.239258 0.541667 0.240234 0.540365 0.241211 0.540365 0.243164 0.53776 0.244141 0.53776 0.245117 0.536458 0.246094 0.536458 0.24707 0.535156 0.248047 0.535156 0.25 0.532552 0.250977 0.532552 0.25293 0.529948 0.253906 0.529948 0.258789 0.523438 0.258789 0.522135 0.259766 0.520833 0.260742 0.520833 0.273438 0.503906 0.273438 0.502604 0.276367 0.498698 0.276367 0.497396 0.27832 0.494792 0.27832 0.49349 0.280273 0.490885 0.280273 0.489583 0.282227 0.486979 0.282227 0.485677 0.286133 0.480469 0.286133 0.479167 0.300781 0.459635 0.301758 0.459635 0.320312 0.434896 0.320312 0.433594 0.326172 0.425781 0.326172 0.424479 0.330078 0.419271 0.330078 0.417969 0.332031 0.415365 0.332031 0.414062 0.335938 0.408854 0.335938 0.407552 0.337891 0.404948 0.337891 0.403646 0.339844 0.401042 0.339844 0.39974 0.341797 0.397135 0.341797 0.395833 0.34668 0.389323 0.34668 0.388021 0.349609 0.384115 0.349609 0.382812 0.350586 0.38151 0.350586 0.378906 0.351562 0.377604 0.351562 0.375 0.350586 0.373698 0.350586 0.371094 0.347656 0.367188 0.347656 0.364583 0.34668 0.363281 0.34668 0.360677 0.345703 0.359375 0.345703 0.355469 0.344727 0.354167 0.344727 0.346354
0 0.178711 0.117188 0.178711 0.121094 0.176758 0.123698 0.176758 0.125 0.173828 0.128906 0.171875 0.128906 0.170898 0.130208 0.169922 0.130208 0.168945 0.13151 0.167969 0.13151 0.166992 0.132812 0.166016 0.132812 0.164062 0.135417 0.163086 0.135417 0.161133 0.138021 0.160156 0.138021 0.158203 0.140625 0.157227 0.140625 0.15625 0.141927 0.154297 0.141927 0.152344 0.144531 0.151367 0.144531 0.148438 0.148438 0.147461 0.148438 0.143555 0.153646 0.142578 0.153646 0.140625 0.15625 0.140625 0.157552 0.139648 0.158854 0.138672 0.158854 0.135742 0.16276 0.134766 0.16276 0.129883 0.169271 0.128906 0.169271 0.12793 0.170573 0.126953 0.170573 0.124023 0.174479 0.123047 0.174479 0.117188 0.182292 0.116211 0.182292 0.0986328 0.205729 0.0986328 0.207031 0.0947266 0.21224 0.0947266 0.213542 0.0927734 0.216146 0.0927734 0.217448 0.0888672 0.222656 0.0888672 0.223958 0.0849609 0.229167 0.0849609 0.230469 0.0820312 0.234375 0.0820312 0.235677 0.0791016 0.239583 0.0791016 0.240885 0.0771484 0.24349 0.0771484 0.244792 0.0751953 0.247396 0.0751953 0.248698 0.0742188 0.25 0.0742188 0.251302 0.0732422 0.252604 0.0732422 0.253906 0.0712891 0.25651 0.0712891 0.257812 0.0693359 0.260417 0.0693359 0.261719 0.0664062 0.265625 0.0664062 0.266927 0.0634766 0.270833 0.0634766 0.272135 0.0595703 0.277344 0.0595703 0.278646 0.0576172 0.28125 0.0576172 0.282552 0.0527344 0.289062 0.0488281 0.289062 0.0488281 0.317708 0.0527344 0.317708 0.0537109 0.31901 0.0546875 0.31901 0.0556641 0.320312 0.0566406 0.320312 0.0576172 0.321615 0.0585938 0.321615 0.0595703 0.322917 0.0615234 0.322917 0.0625 0.324219 0.0664062 0.324219 0.0673828 0.325521 0.0683594 0.325521 0.0693359 0.324219 0.0820312 0.324219 0.0830078 0.325521 0.0839844 0.325521 0.0849609 0.324219 0.0898438 0.324219 0.0908203 0.322917 0.0927734 0.322917 0.09375 0.321615 0.0947266 0.321615 0.0957031 0.320312 0.0966797 0.320312 0.0976562 0.31901 0.0986328 0.31901 0.0996094 0.317708 0.100586 0.317708 0.101562 0.316406 0.103516 0.316406 0.105469 0.313802 0.106445 0.313802 0.108398 0.311198 0.109375 0.311198 0.111328 0.308594 0.112305 0.308594 0.113281 0.307292 0.114258 0.307292 0.116211 0.304688 0.117188 0.304688 0.119141 0.302083 0.120117 0.302083 0.12793 0.291667 0.12793 0.290365 0.130859 0.286458 0.130859 0.285156 0.133789 0.28125 0.133789 0.279948 0.136719 0.276042 0.136719 0.27474 0.138672 0.272135 0.138672 0.270833 0.140625 0.268229 0.140625 0.266927 0.141602 0.265625 0.141602 0.264323 0.143555 0.261719 0.143555 0.260417 0.145508 0.257812 0.145508 0.25651 0.147461 0.253906 0.147461 0.252604 0.150391 0.248698 0.150391 0.247396 0.152344 0.244792 0.15332 0.244792 0.155273 0.242188 0.15625 0.242188 0.158203 0.239583 0.15918 0.239583 0.160156 0.238281 0.161133 0.238281 0.162109 0.236979 0.163086 0.236979 0.165039 0.234375 0.166016 0.234375 0.166992 0.233073 0.167969 0.233073 0.168945 0.231771 0.169922 0.231771 0.171875 0.229167 0.172852 0.229167 0.173828 0.227865 0.174805 0.227865 0.177734 0.223958 0.178711 0.223958 0.179688 0.222656 0.180664 0.222656 0.182617 0.220052 0.183594 0.220052 0.186523 0.216146 0.1875 0.216146 0.189453 0.213542 0.19043 0.213542 0.192383 0.210938 0.193359 0.210938 0.200195 0.201823 0.201172 0.201823 0.205078 0.196615 0.205078 0.195312 0.207031 0.192708 0.207031 0.191406 0.209961 0.1875 0.209961 0.186198 0.210938 0.184896 0.210938 0.183594 0.211914 0.182292 0.211914 0.18099 0.212891 0.179688 0.212891 0.178385 0.214844 0.175781 0.214844 0.174479 0.216797 0.171875 0.216797 0.170573 0.217773 0.169271 0.217773 0.167969 0.21875 0.166667 0.21875 0.165365 0.220703 0.16276 0.220703 0.161458 0.222656 0.158854 0.222656 0.157552 0.224609 0.154948 0.227539 0.154948 0.227539 0.140625 0.224609 0.140625 0.223633 0.139323 0.223633 0.138021 0.222656 0.136719 0.222656 0.135417 0.22168 0.134115 0.22168 0.132812 0.220703 0.13151 0.220703 0.130208 0.217773 0.126302 0.217773 0.125 0.21582 0.122396 0.21582 0.117188
1 0.552734 0.440104 0.552734 0.470052 0.555664 0.470052 0.5625 0.479167 0.5625 0.480469 0.564453 0.483073 0.56543 0.483073 0.568359 0.486979 0.568359 0.488281 0.571289 0.492188 0.571289 0.49349 0.573242 0.496094 0.573242 0.498698 0.574219 0.5 0.574219 0.501302 0.576172 0.503906 0.576172 0.505208 0.578125 0.507812 0.578125 0.509115 0.580078 0.511719 0.580078 0.513021 0.582031 0.515625 0.582031 0.516927 0.583008 0.518229 0.583008 0.519531 0.583984 0.520833 0.583984 0.522135 0.584961 0.523438 0.584961 0.52474 0.585938 0.526042 0.585938 0.527344 0.586914 0.528646 0.586914 0.53125 0.587891 0.532552 0.587891 0.533854 0.588867 0.535156 0.588867 0.536458 0.589844 0.53776 0.589844 0.540365 0.59082 0.541667 0.59082 0.542969 0.591797 0.544271 0.591797 0.546875 0.592773 0.548177 0.592773 0.549479 0.59375 0.550781 0.59375 0.553385 0.594727 0.554688 0.594727 0.557292 0.595703 0.558594 0.595703 0.561198 0.59668 0.5625 0.59668 0.563802 0.597656 0.565104 0.597656 0.566406 0.598633 0.567708 0.598633 0.56901 0.599609 0.570312 0.599609 0.571615 0.600586 0.572917 0.600586 0.574219 0.601562 0.575521 0.601562 0.576823 0.602539 0.578125 0.602539 0.580729 0.603516 0.582031 0.603516 0.583333 0.604492 0.584635 0.604492 0.585938 0.606445 0.588542 0.606445 0.589844 0.607422 0.591146 0.607422 0.592448 0.608398 0.59375 0.608398 0.595052 0.610352 0.597656 0.610352 0.598958 0.612305 0.601562 0.612305 0.602865 0.613281 0.604167 0.613281 0.605469 0.614258 0.606771 0.614258 0.608073 0.615234 0.609375 0.615234 0.610677 0.617188 0.613281 0.617188 0.614583 0.619141 0.617188 0.619141 0.61849 0.621094 0.621094 0.621094 0.622396 0.62207 0.623698 0.62207 0.625 0.631836 0.638021 0.631836 0.639323 0.635742 0.644531 0.635742 0.645833 0.636719 0.647135 0.636719 0.652344 0.651367 0.652344 0.651367 0.643229 0.652344 0.641927 0.652344 0.639323 0.654297 0.636719 0.657227 0.636719 0.657227 0.606771 0.654297 0.606771 0.652344 0.604167 0.652344 0.602865 0.651367 0.601562 0.651367 0.60026 0.650391 0.598958 0.650391 0.597656 0.648438 0.595052 0.648438 0.59375 0.647461 0.592448 0.647461 0.589844 0.646484 0.588542 0.646484 0.58724 0.644531 0.584635 0.644531 0.582031 0.643555 0.580729 0.643555 0.579427 0.642578 0.578125 0.642578 0.576823 0.641602 0.575521 0.641602 0.574219 0.640625 0.572917 0.640625 0.571615 0.639648 0.570312 0.639648 0.56901 0.638672 0.567708 0.638672 0.566406 0.636719 0.563802 0.636719 0.5625 0.635742 0.561198 0.635742 0.559896 0.634766 0.558594 0.634766 0.557292 0.632812 0.554688 0.632812 0.553385 0.631836 0.552083 0.631836 0.550781 0.630859 0.549479 0.630859 0.548177 0.628906 0.545573 0.628906 0.544271 0.62793 0.542969 0.62793 0.541667 0.626953 0.540365 0.626953 0.539062 0.625977 0.53776 0.625977 0.536458 0.624023 0.533854 0.624023 0.532552 0.62207 0.529948 0.62207 0.528646 0.621094 0.527344 0.621094 0.526042 0.618164 0.522135 0.618164 0.520833 0.617188 0.519531 0.617188 0.518229 0.614258 0.514323 0.614258 0.513021 0.612305 0.510417 0.612305 0.509115 0.607422 0.502604 0.607422 0.501302 0.604492 0.497396 0.604492 0.496094 0.600586 0.490885 0.600586 0.489583 0.594727 0.481771 0.594727 0.480469 0.576172 0.455729 0.576172 0.454427 0.573242 0.450521 0.573242 0.449219 0.571289 0.446615 0.571289 0.445312 0.570312 0.44401 0.570312 0.440104
0 0.50293 0 0.50293 0.00130208 0.5 0.00520833 0.499023 0.00520833 0.498047 0.00651042 0.49707 0.00651042 0.496094 0.0078125 0.495117 0.0078125 0.493164 0.0104167 0.492188 0.0104167 0.489258 0.0143229 0.488281 0.0143229 0.485352 0.0182292 0.484375 0.0182292 0.483398 0.0195312 0.482422 0.0195312 0.481445 0.0208333 0.480469 0.0208333 0.479492 0.0221354 0.478516 0.0221354 0.477539 0.0234375 0.475586 0.0234375 0.474609 0.0247396 0.47168 0.0247396 0.470703 0.0260417 0.467773 0.0260417 0.466797 0.0273438 0.464844 0.0273438 0.463867 0.0286458 0.461914 0.0286458 0.460938 0.0299479 0.458984 0.0299479 0.458008 0.03125 0.456055 0.03125 0.455078 0.0325521 0.453125 0.0325521 0.452148 0.0338542 0.450195 0.0338542 0.449219 0.0351562 0.446289 0.0351562 0.445312 0.0364583 0.439453 0.0364583 0.438477 0.0377604 0.429688 0.0377604 0.428711 0.0390625 0.422852 0.0390625 0.421875 0.0403646 0.416992 0.0403646 0.416016 0.0416667 0.413086 0.0416667 0.412109 0.0429688 0.410156 0.0429688 0.40918 0.0442708 0.407227 0.0442708 0.40625 0.0455729 0.40332 0.0455729 0.402344 0.046875 0.400391 0.046875 0.399414 0.0481771 0.397461 0.0481771 0.396484 0.0494792 0.393555 0.0494792 0.392578 0.0507812 0.390625 0.0507812 0.389648 0.0520833 0.387695 0.0520833 0.386719 0.0533854 0.385742 0.0533854 0.379883 0.0611979 0.376953 0.0611979 0.376953 0.0950521 0.379883 0.0950521 0.380859 0.0963542 0.381836 0.0963542 0.385742 0.101562 0.386719 0.101562 0.393555 0.110677 0.394531 0.110677 0.396484 0.113281 0.397461 0.113281 0.398438 0.114583 0.399414 0.114583 0.400391 0.115885 0.401367 0.115885 0.402344 0.117188 0.40332 0.117188 0.405273 0.119792 0.40625 0.119792 0.408203 0.122396 0.408203 0.123698 0.411133 0.127604 0.411133 0.130208 0.412109 0.13151 0.412109 0.132812 0.413086 0.134115 0.413086 0.135417 0.415039 0.138021 0.415039 0.139323 0.417969 0.143229 0.417969 0.144531 0.418945 0.145833 0.418945 0.147135 0.420898 0.14974 0.421875 0.14974 0.429688 0.160156 0.430664 0.160156 0.43457 0.165365 0.435547 0.165365 0.438477 0.169271 0.438477 0.173177 0.464844 0.173177 0.464844 0.169271 0.46582 0.167969 0.467773 0.167969 0.46875 0.166667 0.470703 0.166667 0.47168 0.165365 0.473633 0.165365 0.474609 0.164062 0.475586 0.164062 0.476562 0.16276 0.477539 0.16276 0.478516 0.161458 0.479492 0.161458 0.481445 0.158854 0.482422 0.158854 0.484375 0.15625 0.485352 0.15625 0.487305 0.153646 0.488281 0.153646 0.490234 0.151042 0.491211 0.151042 0.493164 0.148438 0.495117 0.148438 0.496094 0.147135 0.49707 0.147135 0.498047 0.145833 0.499023 0.145833 0.5 0.144531 0.500977 0.144531 0.50293 0.141927 0.503906 0.141927 0.505859 0.139323 0.506836 0.139323 0.507812 0.138021 0.508789 0.138021 0.511719 0.134115 0.512695 0.134115 0.518555 0.126302 0.518555 0.125 0.521484 0.121094 0.521484 0.119792 0.522461 0.11849 0.522461 0.117188 0.525391 0.113281 0.525391 0.111979 0.527344 0.109375 0.527344 0.108073 0.536133 0.0963542 0.537109 0.0963542 0.540039 0.0924479 0.541016 0.0924479 0.542969 0.0898438 0.543945 0.0898438 0.544922 0.0885417 0.545898 0.0885417 0.546875 0.0872396 0.548828 0.0872396 0.549805 0.0859375 0.551758 0.0859375 0.552734 0.0846354 0.554688 0.0846354 0.555664 0.0833333 0.556641 0.0833333 0.557617 0.0820312 0.55957 0.0820312 0.560547 0.0807292 0.561523 0.0807292 0.5625 0.0794271 0.563477 0.0794271 0.564453 0.078125 0.56543 0.078125 0.567383 0.0755208 0.568359 0.0755208 0.571289 0.0716146 0.572266 0.0716146 0.580078 0.0611979 0.580078 0.0598958 0.581055 0.0585938 0.581055 0.0572917 0.582031 0.0559896 0.582031 0.0546875 0.583008 0.0533854 0.583008 0.0520833 0.584961 0.0494792 0.584961 0.0481771 0.586914 0.0455729 0.586914 0.0442708 0.587891 0.0429688 0.587891 0.0416667 0.588867 0.0403646 0.588867 0.0390625 0.592773 0.0338542 0.59375 0.0338542 0.594727 0.0325521 0.598633 0.0325521 0.598633 0
1 0.90625 0.445312 0.90625 0.450521 0.905273 0.451823 0.904297 0.451823 0.898438 0.459635 0.897461 0.459635 0.895508 0.46224 0.894531 0.46224 0.892578 0.464844 0.891602 0.464844 0.890625 0.466146 0.889648 0.466146 0.887695 0.46875 0.885742 0.46875 0.884766 0.470052 0.883789 0.470052 0.882812 0.471354 0.881836 0.471354 0.879883 0.473958 0.878906 0.473958 0.87793 0.47526 0.876953 0.47526 0.873047 0.480469 0.87207 0.480469 0.870117 0.483073 0.869141 0.483073 0.867188 0.485677 0.866211 0.485677 0.864258 0.488281 0.863281 0.488281 0.859375 0.49349 0.858398 0.49349 0.855469 0.497396 0.854492 0.497396 0.852539 0.5 0.851562 0.5 0.848633 0.503906 0.847656 0.503906 0.845703 0.50651 0.844727 0.50651 0.84375 0.507812 0.842773 0.507812 0.841797 0.509115 0.837891 0.509115 0.837891 0.53776 0.841797 0.53776 0.844727 0.541667 0.845703 0.541667 0.847656 0.544271 0.847656 0.545573 0.848633 0.546875 0.848633 0.553385 0.869141 0.553385 0.869141 0.545573 0.870117 0.544271 0.870117 0.542969 0.874023 0.53776 0.875 0.53776 0.875977 0.536458 0.876953 0.536458 0.87793 0.535156 0.878906 0.535156 0.879883 0.533854 0.880859 0.533854 0.882812 0.53125 0.883789 0.53125 0.885742 0.528646 0.886719 0.528646 0.888672 0.526042 0.889648 0.526042 0.890625 0.52474 0.891602 0.52474 0.894531 0.520833 0.895508 0.520833 0.898438 0.516927 0.899414 0.516927 0.902344 0.513021 0.90332 0.513021 0.907227 0.507812 0.908203 0.507812 0.919922 0.492188 0.920898 0.492188 0.928711 0.481771 0.928711 0.480469 0.930664 0.477865 0.930664 0.476562 0.931641 0.47526 0.931641 0.473958 0.932617 0.472656 0.932617 0.471354 0.93457 0.46875 0.93457 0.467448 0.935547 0.466146 0.935547 0.464844 0.936523 0.463542 0.936523 0.46224 0.9375 0.460938 0.9375 0.459635 0.939453 0.457031 0.942383 0.457031 0.942383 0.445312
0 0.583984 0.289062 0.583984 0.292969 0.581055 0.296875 0.580078 0.296875 0.578125 0.299479 0.577148 0.299479 0.575195 0.302083 0.573242 0.302083 0.572266 0.303385 0.571289 0.303385 0.569336 0.30599 0.568359 0.30599 0.567383 0.307292 0.566406 0.307292 0.564453 0.309896 0.563477 0.309896 0.55957 0.315104 0.558594 0.315104 0.541992 0.33724 0.541016 0.33724 0.539062 0.339844 0.538086 0.339844 0.536133 0.342448 0.535156 0.342448 0.532227 0.346354 0.53125 0.346354 0.526367 0.352865 0.526367 0.354167 0.524414 0.356771 0.524414 0.358073 0.523438 0.359375 0.523438 0.360677 0.522461 0.361979 0.522461 0.363281 0.520508 0.365885 0.520508 0.367188 0.519531 0.36849 0.519531 0.369792 0.518555 0.371094 0.518555 0.372396 0.516602 0.375 0.516602 0.376302 0.515625 0.377604 0.515625 0.378906 0.514648 0.380208 0.514648 0.382812 0.513672 0.384115 0.513672 0.386719 0.512695 0.388021 0.512695 0.393229 0.511719 0.394531 0.511719 0.397135 0.510742 0.398438 0.510742 0.39974 0.509766 0.401042 0.509766 0.402344 0.506836 0.40625 0.506836 0.407552 0.499023 0.417969 0.498047 0.417969 0.485352 0.434896 0.484375 0.434896 0.483398 0.436198 0.482422 0.436198 0.477539 0.442708 0.477539 0.44401 0.474609 0.447917 0.474609 0.449219 0.472656 0.451823 0.472656 0.453125 0.47168 0.454427 0.47168 0.455729 0.469727 0.458333 0.469727 0.459635 0.464844 0.466146 0.463867 0.466146 0.462891 0.467448 0.458984 0.467448 0.458984 0.522135 0.462891 0.522135 0.466797 0.527344 0.466797 0.532552 0.485352 0.532552 0.485352 0.527344 0.487305 0.52474 0.487305 0.523438 0.489258 0.520833 0.489258 0.519531 0.494141 0.513021 0.495117 0.513021 0.501953 0.503906 0.50293 0.503906 0.504883 0.501302 0.505859 0.501302 0.506836 0.5 0.507812 0.5 0.508789 0.498698 0.509766 0.498698 0.510742 0.497396 0.511719 0.497396 0.512695 0.496094 0.513672 0.496094 0.514648 0.494792 0.516602 0.494792 0.517578 0.49349 0.520508 0.49349 0.521484 0.492188 0.522461 0.492188 0.523438 0.490885 0.524414 0.490885 0.526367 0.488281 0.527344 0.488281 0.52832 0.486979 0.529297 0.486979 0.530273 0.485677 0.53125 0.485677 0.533203 0.483073 0.53418 0.483073 0.541016 0.473958 0.541016 0.472656 0.543945 0.46875 0.543945 0.467448 0.545898 0.464844 0.545898 0.463542 0.546875 0.46224 0.546875 0.460938 0.547852 0.459635 0.547852 0.458333 0.548828 0.457031 0.548828 0.454427 0.549805 0.453125 0.549805 0.450521 0.550781 0.449219 0.550781 0.446615 0.556641 0.438802 0.5625 0.438802 0.563477 0.4375 0.564453 0.4375 0.56543 0.436198 0.566406 0.436198 0.567383 0.434896 0.568359 0.434896 0.570312 0.432292 0.571289 0.432292 0.573242 0.429688 0.574219 0.429688 0.578125 0.424479 0.579102 0.424479 0.582031 0.420573 0.583008 0.420573 0.583984 0.419271 0.584961 0.419271 0.588867 0.414062 0.589844 0.414062 0.591797 0.411458 0.592773 0.411458 0.594727 0.408854 0.595703 0.408854 0.597656 0.40625 0.598633 0.40625 0.601562 0.402344 0.602539 0.402344 0.605469 0.398438 0.606445 0.398438 0.609375 0.394531 0.610352 0.394531 0.612305 0.391927 0.613281 0.391927 0.616211 0.388021 0.617188 0.388021 0.618164 0.386719 0.619141 0.386719 0.62207 0.382812 0.623047 0.382812 0.625 0.380208 0.625977 0.380208 0.62793 0.377604 0.628906 0.377604 0.637695 0.365885 0.637695 0.364583 0.646484 0.352865 0.649414 0.352865 0.649414 0.345052 0.646484 0.345052 0.644531 0.342448 0.644531 0.341146 0.643555 0.339844 0.643555 0.33724 0.642578 0.335938 0.642578 0.334635 0.641602 0.333333 0.641602 0.332031 0.640625 0.330729 0.640625 0.328125 0.639648 0.326823 0.639648 0.325521 0.638672 0.324219 0.638672 0.322917 0.637695 0.321615 0.637695 0.320312 0.636719 0.31901 0.636719 0.317708 0.635742 0.316406 0.635742 0.315104 0.632812 0.311198 0.632812 0.309896 0.629883 0.30599 0.629883 0.304688 0.62793 0.302083 0.62793 0.300781 0.625977 0.298177 0.625977 0.296875 0.625 0.295573 0.625 0.289062
1 0.791016 0.388021 0.791016 0.391927 0.789062 0.394531 0.788086 0.394531 0.787109 0.395833 0.786133 0.395833 0.785156 0.397135 0.78418 0.397135 0.782227 0.39974 0.78125 0.39974 0.780273 0.401042 0.779297 0.401042 0.77832 0.402344 0.777344 0.402344 0.776367 0.403646 0.771484 0.403646 0.771484 0.432292 0.775391 0.432292 0.776367 0.433594 0.777344 0.433594 0.77832 0.434896 0.779297 0.434896 0.782227 0.438802 0.783203 0.438802 0.785156 0.441406 0.786133 0.441406 0.787109 0.442708 0.788086 0.442708 0.790039 0.445312 0.791992 0.445312 0.792969 0.446615 0.793945 0.446615 0.794922 0.447917 0.796875 0.447917 0.797852 0.449219 0.800781 0.449219 0.801758 0.450521 0.805664 0.450521 0.806641 0.451823 0.810547 0.451823 0.811523 0.453125 0.814453 0.453125 0.81543 0.454427 0.817383 0.454427 0.818359 0.455729 0.821289 0.455729 0.822266 0.457031 0.824219 0.457031 0.825195 0.458333 0.828125 0.458333 0.829102 0.459635 0.831055 0.459635 0.832031 0.460938 0.833008 0.460938 0.833984 0.46224 0.835938 0.46224 0.837891 0.464844 0.838867 0.464844 0.84082 0.467448 0.841797 0.467448 0.842773 0.46875 0.84375 0.46875 0.844727 0.470052 0.845703 0.470052 0.84668 0.471354 0.847656 0.471354 0.848633 0.472656 0.849609 0.472656 0.850586 0.473958 0.852539 0.473958 0.853516 0.47526 0.855469 0.47526 0.856445 0.476562 0.856445 0.480469 0.864258 0.480469 0.864258 0.476562 0.865234 0.47526 0.867188 0.47526 0.868164 0.473958 0.870117 0.473958 0.871094 0.472656 0.87207 0.472656 0.873047 0.471354 0.875 0.471354 0.875977 0.470052 0.878906 0.470052 0.879883 0.46875 0.881836 0.46875 0.882812 0.467448 0.884766 0.467448 0.886719 0.464844 0.887695 0.464844 0.889648 0.46224 0.890625 0.46224 0.891602 0.460938 0.892578 0.460938 0.893555 0.459635 0.894531 0.459635 0.896484 0.457031 0.897461 0.457031 0.900391 0.453125 0.901367 0.453125 0.905273 0.447917 0.90625 0.447917 0.907227 0.446615 0.90918 0.446615 0.910156 0.445312 0.911133 0.445312 0.912109 0.44401 0.914062 0.44401 0.915039 0.442708 0.917969 0.442708 0.918945 0.441406 0.919922 0.441406 0.920898 0.440104 0.921875 0.440104 0.922852 0.438802 0.923828 0.438802 0.929688 0.43099 0.930664 0.43099 0.932617 0.428385 0.933594 0.428385 0.935547 0.425781 0.938477 0.425781 0.938477 0.416667 0.935547 0.416667 0.932617 0.41276 0.931641 0.41276 0.928711 0.408854 0.927734 0.408854 0.926758 0.407552 0.925781 0.407552 0.924805 0.40625 0.922852 0.40625 0.921875 0.404948 0.917969 0.404948 0.916992 0.40625 0.90625 0.40625 0.905273 0.404948 0.875 0.404948 0.874023 0.403646 0.869141 0.403646 0.868164 0.402344 0.865234 0.402344 0.864258 0.401042 0.861328 0.401042 0.860352 0.39974 0.856445 0.39974 0.855469 0.398438 0.853516 0.398438 0.852539 0.397135 0.850586 0.397135 0.849609 0.395833 0.847656 0.395833 0.84668 0.394531 0.84375 0.394531 0.842773 0.393229 0.841797 0.393229 0.84082 0.391927 0.84082 0.388021
1 0.952148 0.429688 0.952148 0.433594 0.951172 0.434896 0.950195 0.434896 0.948242 0.4375 0.947266 0.4375 0.946289 0.438802 0.946289 0.440104 0.943359 0.44401 0.943359 0.445312 0.941406 0.447917 0.941406 0.449219 0.94043 0.450521 0.94043 0.451823 0.939453 0.453125 0.939453 0.454427 0.9375 0.457031 0.9375 0.458333 0.936523 0.459635 0.936523 0.460938 0.935547 0.46224 0.935547 0.463542 0.93457 0.464844 0.93457 0.466146 0.933594 0.467448 0.933594 0.46875 0.932617 0.470052 0.932617 0.471354 0.931641 0.472656 0.931641 0.473958 0.930664 0.47526 0.930664 0.476562 0.929688 0.477865 0.929688 0.479167 0.925781 0.484375 0.925781 0.485677 0.917969 0.496094 0.917969 0.497396 0.912109 0.505208 0.912109 0.50651 0.907227 0.513021 0.90625 0.513021 0.90332 0.516927 0.902344 0.516927 0.899414 0.520833 0.898438 0.520833 0.892578 0.528646 0.891602 0.528646 0.889648 0.53125 0.888672 0.53125 0.886719 0.533854 0.885742 0.533854 0.883789 0.536458 0.882812 0.536458 0.880859 0.539062 0.876953 0.539062 0.876953 0.563802 0.886719 0.563802 0.886719 0.559896 0.887695 0.558594 0.888672 0.558594 0.889648 0.557292 0.892578 0.557292 0.893555 0.55599 0.894531 0.55599 0.895508 0.554688 0.896484 0.554688 0.898438 0.552083 0.899414 0.552083 0.900391 0.550781 0.901367 0.550781 0.902344 0.549479 0.90332 0.549479 0.904297 0.548177 0.905273 0.548177 0.90625 0.546875 0.907227 0.546875 0.908203 0.545573 0.90918 0.545573 0.911133 0.542969 0.912109 0.542969 0.914062 0.540365 0.915039 0.540365 0.916992 0.53776 0.917969 0.53776 0.919922 0.535156 0.920898 0.535156 0.921875 0.533854 0.922852 0.533854 0.928711 0.526042 0.929688 0.526042 0.9375 0.515625 0.938477 0.515625 0.942383 0.510417 0.943359 0.510417 0.947266 0.505208 0.948242 0.505208 0.952148 0.5 0.953125 0.5 0.958008 0.49349 0.958008 0.492188 0.964844 0.483073 0.964844 0.481771 0.96875 0.476562 0.96875 0.47526 0.969727 0.473958 0.969727 0.472656 0.970703 0.471354 0.970703 0.470052 0.97168 0.46875 0.97168 0.467448 0.972656 0.466146 0.972656 0.463542 0.973633 0.46224 0.973633 0.460938 0.974609 0.459635 0.974609 0.458333 0.975586 0.457031 0.975586 0.455729 0.976562 0.454427 0.976562 0.451823 0.977539 0.450521 0.977539 0.449219 0.979492 0.446615 0.979492 0.445312 0.980469 0.44401 0.980469 0.438802 0.979492 0.4375 0.979492 0.429688
1 0.662109 0.127604 0.662109 0.195312 0.665039 0.195312 0.666016 0.196615 0.666016 0.197917 0.666992 0.199219 0.666992 0.201823 0.667969 0.203125 0.667969 0.204427 0.668945 0.205729 0.668945 0.207031 0.670898 0.209635 0.670898 0.210938 0.671875 0.21224 0.671875 0.213542 0.673828 0.216146 0.673828 0.217448 0.674805 0.21875 0.674805 0.220052 0.675781 0.221354 0.675781 0.222656 0.676758 0.223958 0.676758 0.22526 0.677734 0.226562 0.677734 0.227865 0.679688 0.230469 0.679688 0.231771 0.681641 0.234375 0.681641 0.235677 0.682617 0.236979 0.682617 0.238281 0.68457 0.240885 0.68457 0.242188 0.686523 0.244792 0.686523 0.246094 0.689453 0.25 0.689453 0.251302 0.696289 0.260417 0.696289 0.261719 0.697266 0.263021 0.698242 0.263021 0.705078 0.272135 0.706055 0.272135 0.710938 0.278646 0.710938 0.279948 0.71582 0.286458 0.71582 0.28776 0.716797 0.289062 0.717773 0.289062 0.720703 0.292969 0.72168 0.292969 0.724609 0.296875 0.725586 0.296875 0.726562 0.298177 0.727539 0.298177 0.730469 0.302083 0.731445 0.302083 0.733398 0.304688 0.735352 0.304688 0.737305 0.307292 0.738281 0.307292 0.739258 0.308594 0.745117 0.308594 0.746094 0.307292 0.748047 0.307292 0.75293 0.300781 0.753906 0.300781 0.755859 0.298177 0.755859 0.296875 0.757812 0.294271 0.757812 0.292969 0.758789 0.291667 0.758789 0.290365 0.764648 0.282552 0.764648 0.28125 0.766602 0.278646 0.770508 0.278646 0.770508 0.261719 0.766602 0.261719 0.765625 0.260417 0.765625 0.259115 0.762695 0.255208 0.762695 0.253906 0.759766 0.25 0.759766 0.248698 0.757812 0.246094 0.757812 0.244792 0.756836 0.24349 0.756836 0.242188 0.754883 0.239583 0.754883 0.238281 0.753906 0.236979 0.753906 0.235677 0.75293 0.234375 0.75293 0.233073 0.751953 0.231771 0.751953 0.229167 0.750977 0.227865 0.750977 0.22526 0.75 0.223958 0.75 0.222656 0.748047 0.220052 0.748047 0.21875 0.746094 0.216146 0.746094 0.214844 0.745117 0.213542 0.745117 0.21224 0.743164 0.209635 0.743164 0.208333 0.742188 0.207031 0.742188 0.205729 0.741211 0.204427 0.741211 0.203125 0.740234 0.201823 0.740234 0.200521 0.738281 0.197917 0.738281 0.196615 0.736328 0.19401 0.736328 0.192708 0.735352 0.191406 0.735352 0.190104 0.733398 0.1875 0.733398 0.186198 0.731445 0.183594 0.731445 0.182292 0.728516 0.178385 0.728516 0.177083 0.725586 0.173177 0.725586 0.171875 0.722656 0.167969 0.722656 0.166667 0.71875 0.161458 0.71875 0.160156 0.711914 0.151042 0.710938 0.151042 0.708008 0.147135 0.707031 0.147135 0.705078 0.144531 0.704102 0.144531 0.702148 0.141927 0.701172 0.141927 0.699219 0.139323 0.697266 0.139323 0.694336 0.135417 0.693359 0.135417 0.691406 0.132812 0.691406 0.127604
0 0.658203 0.127604 0.658203 0.190104 0.662109 0.190104 0.663086 0.191406 0.663086 0.192708 0.665039 0.195312 0.665039 0.196615 0.666016 0.197917 0.666016 0.199219 0.666992 0.200521 0.666992 0.201823 0.667969 0.203125 0.667969 0.204427 0.668945 0.205729 0.668945 0.207031 0.669922 0.208333 0.669922 0.209635 0.670898 0.210938 0.670898 0.21224 0.672852 0.214844 0.672852 0.216146 0.674805 0.21875 0.674805 0.220052 0.675781 0.221354 0.675781 0.222656 0.676758 0.223958 0.676758 0.22526 0.677734 0.226562 0.677734 0.227865 0.678711 0.229167 0.678711 0.230469 0.680664 0.233073 0.680664 0.234375 0.681641 0.235677 0.681641 0.236979 0.683594 0.239583 0.683594 0.240885 0.685547 0.24349 0.685547 0.244792 0.686523 0.246094 0.686523 0.247396 0.691406 0.253906 0.691406 0.255208 0.700195 0.266927 0.701172 0.266927 0.713867 0.283854 0.713867 0.285156 0.71875 0.291667 0.719727 0.291667 0.730469 0.30599 0.731445 0.30599 0.733398 0.308594 0.734375 0.308594 0.735352 0.309896 0.736328 0.309896 0.738281 0.3125 0.739258 0.3125 0.740234 0.313802 0.741211 0.3125 0.74707 0.3125 0.748047 0.311198 0.749023 0.311198 0.750977 0.308594 0.750977 0.307292 0.754883 0.302083 0.754883 0.300781 0.755859 0.299479 0.755859 0.298177 0.757812 0.295573 0.757812 0.294271 0.759766 0.291667 0.759766 0.290365 0.762695 0.286458 0.762695 0.285156 0.766602 0.279948 0.770508 0.279948 0.770508 0.260417 0.766602 0.260417 0.764648 0.257812 0.764648 0.25651 0.762695 0.253906 0.762695 0.252604 0.760742 0.25 0.760742 0.248698 0.758789 0.246094 0.758789 0.244792 0.757812 0.24349 0.757812 0.242188 0.755859 0.239583 0.755859 0.238281 0.754883 0.236979 0.754883 0.235677 0.753906 0.234375 0.753906 0.233073 0.75293 0.231771 0.75293 0.230469 0.751953 0.229167 0.751953 0.226562 0.750977 0.22526 0.750977 0.223958 0.75 0.222656 0.75 0.221354 0.748047 0.21875 0.748047 0.217448 0.746094 0.214844 0.746094 0.213542 0.744141 0.210938 0.744141 0.209635 0.743164 0.208333 0.743164 0.207031 0.742188 0.205729 0.742188 0.204427 0.741211 0.203125 0.741211 0.201823 0.740234 0.200521 0.740234 0.199219 0.738281 0.196615 0.738281 0.195312 0.736328 0.192708 0.736328 0.191406 0.734375 0.188802 0.734375 0.1875 0.733398 0.186198 0.733398 0.184896 0.730469 0.18099 0.730469 0.179688 0.726562 0.174479 0.726562 0.173177 0.725586 0.171875 0.725586 0.170573 0.72168 0.165365 0.72168 0.164062 0.709961 0.148438 0.708984 0.148438 0.707031 0.145833 0.706055 0.145833 0.704102 0.143229 0.703125 0.143229 0.701172 0.140625 0.700195 0.140625 0.699219 0.139323 0.698242 0.139323 0.695312 0.135417 0.694336 0.135417 0.691406 0.13151 0.691406 0.127604
0 0.545898 0.111979 0.545898 0.115885 0.533203 0.132812 0.533203 0.134115 0.524414 0.145833 0.521484 0.145833 0.521484 0.199219 0.524414 0.199219 0.529297 0.205729 0.530273 0.205729 0.538086 0.216146 0.539062 0.216146 0.541992 0.220052 0.542969 0.220052 0.544922 0.222656 0.545898 0.222656 0.548828 0.226562 0.548828 0.230469 0.572266 0.230469 0.572266 0.22526 0.573242 0.223958 0.573242 0.222656 0.575195 0.220052 0.575195 0.21875 0.576172 0.217448 0.576172 0.216146 0.579102 0.21224 0.579102 0.210938 0.582031 0.207031 0.583008 0.207031 0.583008 0.205729 0.584961 0.203125 0.584961 0.201823 0.585938 0.200521 0.585938 0.199219 0.587891 0.196615 0.587891 0.195312 0.588867 0.19401 0.588867 0.191406 0.589844 0.190104 0.589844 0.1875 0.59082 0.186198 0.59082 0.184896 0.591797 0.183594 0.591797 0.179688 0.592773 0.178385 0.592773 0.174479 0.59375 0.173177 0.59375 0.164062 0.594727 0.16276 0.594727 0.161458 0.595703 0.160156 0.598633 0.160156 0.598633 0.125 0.595703 0.125 0.59375 0.122396 0.592773 0.122396 0.59082 0.119792 0.589844 0.119792 0.588867 0.11849 0.586914 0.11849 0.584961 0.115885 0.584961 0.111979
0 0.318359 0.783854 0.318359 0.78776 0.316406 0.790365 0.31543 0.790365 0.3125 0.794271 0.311523 0.794271 0.293945 0.817708 0.292969 0.817708 0.290039 0.821615 0.289062 0.821615 0.288086 0.822917 0.287109 0.822917 0.285156 0.825521 0.28418 0.825521 0.283203 0.826823 0.282227 0.826823 0.280273 0.829427 0.279297 0.829427 0.277344 0.832031 0.275391 0.832031 0.271484 0.83724 0.267578 0.83724 0.267578 0.852865 0.272461 0.852865 0.273438 0.854167 0.275391 0.854167 0.27832 0.858073 0.279297 0.858073 0.280273 0.859375 0.282227 0.859375 0.28418 0.861979 0.28418 0.865885 0.363281 0.865885 0.363281 0.861979 0.365234 0.859375 0.367188 0.859375 0.368164 0.858073 0.369141 0.858073 0.370117 0.856771 0.373047 0.856771 0.374023 0.855469 0.375 0.855469 0.375977 0.854167 0.376953 0.854167 0.37793 0.852865 0.379883 0.852865 0.380859 0.851562 0.381836 0.851562 0.382812 0.85026 0.383789 0.85026 0.384766 0.848958 0.385742 0.848958 0.395508 0.835938 0.399414 0.835938 0.399414 0.81901 0.395508 0.81901 0.393555 0.816406 0.392578 0.816406 0.389648 0.8125 0.388672 0.8125 0.376953 0.796875 0.375977 0.796875 0.37207 0.791667 0.37207 0.790365 0.370117 0.78776 0.370117 0.783854
0 0.563477 0.914062 0.563477 0.919271 0.561523 0.921875 0.561523 0.923177 0.55957 0.925781 0.558594 0.925781 0.557617 0.927083 0.556641 0.927083 0.555664 0.928385 0.554688 0.928385 0.552734 0.93099 0.550781 0.93099 0.549805 0.932292 0.548828 0.932292 0.546875 0.934896 0.545898 0.934896 0.544922 0.936198 0.543945 0.936198 0.541992 0.938802 0.541016 0.938802 0.538086 0.942708 0.537109 0.942708 0.530273 0.951823 0.530273 0.953125 0.525391 0.959635 0.525391 0.960938 0.524414 0.96224 0.524414 0.963542 0.522461 0.966146 0.522461 0.967448 0.520508 0.970052 0.520508 0.971354 0.518555 0.973958 0.518555 0.97526 0.512695 0.983073 0.509766 0.983073 0.509766 0.998698 0.583008 0.998698 0.583008 0.997396 0.586914 0.992188 0.587891 0.992188 0.59375 0.984375 0.59375 0.983073 0.595703 0.980469 0.595703 0.977865 0.600586 0.971354 0.600586 0.970052 0.602539 0.967448 0.602539 0.966146 0.607422 0.959635 0.610352 0.959635 0.610352 0.953125 0.607422 0.953125 0.604492 0.949219 0.604492 0.947917 0.602539 0.945312 0.602539 0.94401 0.601562 0.942708 0.601562 0.941406 0.600586 0.940104 0.600586 0.938802 0.599609 0.9375 0.599609 0.936198 0.597656 0.933594 0.597656 0.932292 0.59668 0.93099 0.59668 0.929688 0.595703 0.928385 0.595703 0.927083 0.594727 0.925781 0.594727 0.921875 0.59375 0.920573 0.59375 0.914062
