1 0.893555 0.309896 0.893555 0.313802 0.892578 0.315104 0.887695 0.315104 0.886719 0.316406 0.882812 0.316406 0.881836 0.317708 0.879883 0.317708 0.878906 0.31901 0.876953 0.31901 0.875977 0.320312 0.874023 0.320312 0.873047 0.321615 0.869141 0.321615 0.868164 0.322917 0.853516 0.322917 0.852539 0.324219 0.848633 0.324219 0.847656 0.325521 0.84375 0.325521 0.842773 0.326823 0.839844 0.326823 0.838867 0.328125 0.836914 0.328125 0.835938 0.329427 0.834961 0.329427 0.833984 0.330729 0.833008 0.330729 0.832031 0.332031 0.830078 0.332031 0.829102 0.333333 0.827148 0.333333 0.826172 0.334635 0.824219 0.334635 0.823242 0.335938 0.821289 0.335938 0.820312 0.33724 0.816406 0.33724 0.81543 0.338542 0.8125 0.338542 0.811523 0.339844 0.80957 0.339844 0.808594 0.341146 0.807617 0.341146 0.806641 0.342448 0.805664 0.342448 0.804688 0.34375 0.803711 0.34375 0.802734 0.345052 0.801758 0.345052 0.800781 0.346354 0.799805 0.346354 0.798828 0.347656 0.796875 0.347656 0.795898 0.348958 0.793945 0.348958 0.792969 0.35026 0.791992 0.35026 0.791016 0.351562 0.790039 0.351562 0.789062 0.352865 0.788086 0.352865 0.787109 0.354167 0.785156 0.354167 0.78418 0.355469 0.783203 0.355469 0.782227 0.356771 0.780273 0.356771 0.779297 0.358073 0.777344 0.358073 0.776367 0.359375 0.774414 0.359375 0.773438 0.360677 0.772461 0.360677 0.771484 0.361979 0.770508 0.361979 0.769531 0.363281 0.768555 0.363281 0.767578 0.364583 0.764648 0.364583 0.763672 0.365885 0.760742 0.365885 0.759766 0.367188 0.758789 0.367188 0.757812 0.36849 0.755859 0.36849 0.754883 0.369792 0.753906 0.369792 0.75293 0.371094 0.75 0.371094 0.749023 0.372396 0.74707 0.372396 0.745117 0.375 0.743164 0.375 0.742188 0.376302 0.740234 0.376302 0.739258 0.377604 0.738281 0.377604 0.737305 0.378906 0.736328 0.378906 0.735352 0.380208 0.733398 0.380208 0.732422 0.38151 0.730469 0.38151 0.729492 0.382812 0.727539 0.382812 0.726562 0.384115 0.725586 0.384115 0.724609 0.385417 0.722656 0.385417 0.72168 0.386719 0.719727 0.386719 0.71875 0.388021 0.716797 0.388021 0.71582 0.389323 0.714844 0.389323 0.713867 0.390625 0.712891 0.390625 0.711914 0.391927 0.710938 0.391927 0.709961 0.393229 0.708984 0.393229 0.707031 0.395833 0.706055 0.395833 0.705078 0.397135 0.703125 0.397135 0.702148 0.398438 0.701172 0.398438 0.700195 0.39974 0.699219 0.39974 0.698242 0.401042 0.697266 0.401042 0.696289 0.402344 0.695312 0.402344 0.694336 0.403646 0.693359 0.403646 0.692383 0.404948 0.692383 0.40625 0.691406 0.407552 0.69043 0.407552 0.689453 0.408854 0.689453 0.410156 0.685547 0.415365 0.685547 0.416667 0.68457 0.417969 0.68457 0.419271 0.683594 0.420573 0.683594 0.421875 0.682617 0.423177 0.682617 0.424479 0.680664 0.427083 0.677734 0.427083 0.677734 0.453125 0.682617 0.453125 0.683594 0.454427 0.68457 0.454427 0.685547 0.455729 0.685547 0.459635 0.689453 0.459635 0.689453 0.455729 0.69043 0.454427 0.697266 0.454427 0.698242 0.453125 0.704102 0.453125 0.705078 0.451823 0.707031 0.451823 0.708008 0.450521 0.708984 0.450521 0.709961 0.449219 0.710938 0.449219 0.711914 0.447917 0.714844 0.447917 0.71582 0.446615 0.716797 0.446615 0.717773 0.445312 0.719727 0.445312 0.720703 0.44401 0.722656 0.44401 0.723633 0.442708 0.724609 0.442708 0.725586 0.441406 0.726562 0.441406 0.727539 0.440104 0.728516 0.440104 0.729492 0.438802 0.730469 0.438802 0.731445 0.4375 0.732422 0.4375 0.733398 0.436198 0.734375 0.436198 0.735352 0.434896 0.736328 0.434896 0.737305 0.433594 0.739258 0.433594 0.740234 0.432292 0.743164 0.432292 0.744141 0.43099 0.74707 0.43099 0.748047 0.429688 0.75 0.429688 0.750977 0.428385 0.75293 0.428385 0.753906 0.427083 0.755859 0.427083 0.756836 0.425781 0.757812 0.425781 0.758789 0.424479 0.759766 0.424479 0.760742 0.423177 0.762695 0.423177 0.763672 0.421875 0.767578 0.421875 0.768555 0.420573 0.770508 0.420573 0.771484 0.419271 0.773438 0.419271 0.774414 0.417969 0.776367 0.417969 0.777344 0.416667 0.77832 0.416667 0.779297 0.415365 0.78125 0.415365 0.782227 0.414062 0.783203 0.414062 0.78418 0.41276 0.785156 0.41276 0.786133 0.411458 0.789062 0.411458 0.790039 0.410156 0.791992 0.410156 0.792969 0.408854 0.795898 0.408854 0.796875 0.407552 0.799805 0.407552 0.800781 0.40625 0.805664 0.40625 0.806641 0.404948 0.80957 0.404948 0.810547 0.403646 0.811523 0.403646 0.8125 0.402344 0.814453 0.402344 0.81543 0.401042 0.818359 0.401042 0.819336 0.39974 0.821289 0.39974 0.822266 0.398438 0.824219 0.398438 0.825195 0.397135 0.827148 0.397135 0.828125 0.395833 0.830078 0.395833 0.831055 0.394531 0.833984 0.394531 0.834961 0.393229 0.837891 0.393229 0.838867 0.391927 0.84082 0.391927 0.841797 0.390625 0.842773 0.390625 0.84375 0.389323 0.845703 0.389323 0.84668 0.388021 0.848633 0.388021 0.849609 0.386719 0.850586 0.386719 0.851562 0.385417 0.854492 0.385417 0.855469 0.384115 0.858398 0.384115 0.859375 0.382812 0.863281 0.382812 0.864258 0.38151 0.868164 0.38151 0.869141 0.380208 0.87207 0.380208 0.873047 0.378906 0.875977 0.378906 0.876953 0.377604 0.879883 0.377604 0.880859 0.376302 0.881836 0.376302 0.883789 0.373698 0.884766 0.373698 0.887695 0.369792 0.887695 0.367188 0.888672 0.365885 0.888672 0.363281 0.889648 0.361979 0.889648 0.360677 0.891602 0.358073 0.891602 0.356771 0.899414 0.346354 0.900391 0.346354 0.902344 0.34375 0.902344 0.338542 0.901367 0.33724 0.901367 0.322917 0.90332 0.320312 0.90332 0.316406 0.904297 0.315104 0.904297 0.309896
0 0.785156 0.414062 0.785156 0.417969 0.78418 0.419271 0.783203 0.419271 0.782227 0.420573 0.779297 0.420573 0.77832 0.421875 0.776367 0.421875 0.775391 0.423177 0.772461 0.423177 0.771484 0.424479 0.769531 0.424479 0.768555 0.425781 0.764648 0.425781 0.763672 0.427083 0.760742 0.427083 0.759766 0.428385 0.756836 0.428385 0.755859 0.429688 0.75293 0.429688 0.751953 0.43099 0.749023 0.43099 0.748047 0.432292 0.746094 0.432292 0.745117 0.433594 0.743164 0.433594 0.742188 0.434896 0.740234 0.434896 0.739258 0.436198 0.738281 0.436198 0.737305 0.4375 0.736328 0.4375 0.735352 0.438802 0.734375 0.438802 0.733398 0.440104 0.732422 0.440104 0.731445 0.441406 0.730469 0.441406 0.729492 0.442708 0.728516 0.442708 0.727539 0.44401 0.725586 0.44401 0.724609 0.445312 0.722656 0.445312 0.72168 0.446615 0.719727 0.446615 0.71875 0.447917 0.716797 0.447917 0.71582 0.449219 0.712891 0.449219 0.711914 0.450521 0.708984 0.450521 0.708008 0.451823 0.705078 0.451823 0.704102 0.453125 0.702148 0.453125 0.701172 0.454427 0.698242 0.454427 0.697266 0.455729 0.692383 0.455729 0.691406 0.457031 0.68457 0.457031 0.683594 0.458333 0.679688 0.458333 0.678711 0.459635 0.676758 0.459635 0.675781 0.460938 0.674805 0.460938 0.673828 0.46224 0.672852 0.46224 0.671875 0.463542 0.670898 0.463542 0.669922 0.464844 0.668945 0.464844 0.666016 0.46875 0.665039 0.46875 0.664062 0.470052 0.663086 0.470052 0.662109 0.471354 0.661133 0.471354 0.658203 0.47526 0.657227 0.47526 0.65625 0.476562 0.655273 0.476562 0.65332 0.479167 0.652344 0.479167 0.650391 0.481771 0.649414 0.481771 0.647461 0.484375 0.646484 0.484375 0.645508 0.485677 0.644531 0.485677 0.641602 0.489583 0.640625 0.489583 0.639648 0.490885 0.638672 0.490885 0.637695 0.492188 0.636719 0.492188 0.633789 0.496094 0.632812 0.496094 0.631836 0.497396 0.630859 0.497396 0.626953 0.502604 0.625977 0.502604 0.624023 0.505208 0.623047 0.505208 0.619141 0.510417 0.618164 0.510417 0.614258 0.515625 0.611328 0.515625 0.611328 0.572917 0.614258 0.572917 0.615234 0.574219 0.616211 0.574219 0.617188 0.575521 0.618164 0.575521 0.620117 0.578125 0.621094 0.578125 0.624023 0.582031 0.625 0.582031 0.625977 0.583333 0.626953 0.583333 0.631836 0.589844 0.632812 0.589844 0.634766 0.592448 0.635742 0.592448 0.636719 0.59375 0.638672 0.59375 0.640625 0.596354 0.640625 0.60026 0.663086 0.60026 0.663086 0.596354 0.664062 0.595052 0.666016 0.595052 0.666992 0.59375 0.669922 0.59375 0.670898 0.592448 0.672852 0.592448 0.673828 0.591146 0.675781 0.591146 0.676758 0.589844 0.679688 0.589844 0.680664 0.588542 0.68457 0.588542 0.685547 0.58724 0.689453 0.58724 0.69043 0.585938 0.693359 0.585938 0.694336 0.584635 0.696289 0.584635 0.697266 0.583333 0.699219 0.583333 0.700195 0.582031 0.701172 0.582031 0.702148 0.580729 0.704102 0.580729 0.705078 0.579427 0.706055 0.579427 0.707031 0.578125 0.709961 0.578125 0.710938 0.576823 0.712891 0.576823 0.713867 0.575521 0.71875 0.575521 0.719727 0.574219 0.722656 0.574219 0.723633 0.572917 0.725586 0.572917 0.726562 0.571615 0.728516 0.571615 0.729492 0.570312 0.730469 0.570312 0.731445 0.56901 0.733398 0.56901 0.734375 0.567708 0.735352 0.567708 0.736328 0.566406 0.738281 0.566406 0.739258 0.565104 0.741211 0.565104 0.742188 0.563802 0.743164 0.563802 0.744141 0.5625 0.746094 0.5625 0.74707 0.561198 0.748047 0.561198 0.749023 0.559896 0.750977 0.559896 0.751953 0.558594 0.75293 0.558594 0.753906 0.557292 0.754883 0.557292 0.755859 0.55599 0.757812 0.55599 0.758789 0.554688 0.759766 0.554688 0.760742 0.553385 0.761719 0.553385 0.762695 0.552083 0.763672 0.552083 0.764648 0.550781 0.766602 0.550781 0.767578 0.549479 0.768555 0.549479 0.769531 0.548177 0.770508 0.548177 0.771484 0.546875 0.773438 0.546875 0.774414 0.545573 0.775391 0.545573 0.776367 0.544271 0.777344 0.544271 0.77832 0.542969 0.779297 0.542969 0.780273 0.541667 0.78125 0.541667 0.782227 0.540365 0.78418 0.540365 0.785156 0.539062 0.786133 0.539062 0.787109 0.53776 0.788086 0.53776 0.790039 0.535156 0.791016 0.535156 0.791992 0.533854 0.792969 0.533854 0.793945 0.532552 0.794922 0.532552 0.796875 0.529948 0.797852 0.529948 0.798828 0.528646 0.799805 0.528646 0.800781 0.527344 0.801758 0.527344 0.802734 0.526042 0.803711 0.526042 0.805664 0.523438 0.806641 0.523438 0.810547 0.518229 0.811523 0.518229 0.821289 0.505208 0.821289 0.503906 0.823242 0.501302 0.823242 0.5 0.824219 0.498698 0.824219 0.497396 0.825195 0.496094 0.825195 0.494792 0.826172 0.49349 0.826172 0.490885 0.827148 0.489583 0.827148 0.488281 0.828125 0.486979 0.828125 0.485677 0.829102 0.484375 0.829102 0.481771 0.830078 0.480469 0.830078 0.477865 0.831055 0.476562 0.831055 0.47526 0.833008 0.472656 0.833008 0.471354 0.836914 0.466146 0.837891 0.466146 0.841797 0.460938 0.842773 0.460938 0.84375 0.459635 0.84375 0.458333 0.844727 0.457031 0.848633 0.457031 0.848633 0.433594 0.845703 0.433594 0.84375 0.43099 0.84375 0.429688 0.841797 0.427083 0.841797 0.425781 0.838867 0.421875 0.837891 0.421875 0.836914 0.420573 0.835938 0.420573 0.833984 0.417969 0.833984 0.414062
1 0.300781 0.0859375 0.300781 0.0911458 0.298828 0.09375 0.298828 0.0950521 0.296875 0.0976562 0.296875 0.10026 0.295898 0.101562 0.295898 0.104167 0.294922 0.105469 0.294922 0.108073 0.293945 0.109375 0.293945 0.110677 0.292969 0.111979 0.292969 0.113281 0.291992 0.114583 0.291992 0.115885 0.291016 0.117188 0.291016 0.11849 0.290039 0.119792 0.290039 0.121094 0.289062 0.122396 0.289062 0.123698 0.288086 0.125 0.288086 0.126302 0.287109 0.127604 0.287109 0.128906 0.286133 0.130208 0.286133 0.13151 0.285156 0.132812 0.285156 0.134115 0.283203 0.136719 0.283203 0.138021 0.28125 0.140625 0.28125 0.141927 0.27832 0.145833 0.27832 0.147135 0.276367 0.14974 0.276367 0.151042 0.275391 0.152344 0.275391 0.153646 0.272461 0.157552 0.272461 0.158854 0.269531 0.16276 0.269531 0.164062 0.265625 0.169271 0.265625 0.170573 0.264648 0.171875 0.264648 0.173177 0.262695 0.175781 0.262695 0.177083 0.261719 0.178385 0.261719 0.179688 0.259766 0.182292 0.259766 0.183594 0.257812 0.186198 0.257812 0.1875 0.254883 0.191406 0.254883 0.192708 0.249023 0.200521 0.249023 0.201823 0.24707 0.204427 0.24707 0.205729 0.245117 0.208333 0.245117 0.209635 0.243164 0.21224 0.243164 0.213542 0.242188 0.214844 0.242188 0.216146 0.241211 0.217448 0.241211 0.21875 0.240234 0.220052 0.240234 0.221354 0.239258 0.222656 0.239258 0.22526 0.238281 0.226562 0.238281 0.230469 0.237305 0.231771 0.237305 0.233073 0.236328 0.234375 0.236328 0.235677 0.235352 0.236979 0.235352 0.239583 0.234375 0.240885 0.234375 0.242188 0.233398 0.24349 0.233398 0.246094 0.232422 0.247396 0.232422 0.25 0.231445 0.251302 0.231445 0.253906 0.230469 0.255208 0.230469 0.257812 0.229492 0.259115 0.229492 0.263021 0.228516 0.264323 0.228516 0.266927 0.227539 0.268229 0.227539 0.269531 0.226562 0.270833 0.226562 0.273438 0.225586 0.27474 0.225586 0.277344 0.224609 0.278646 0.224609 0.28125 0.223633 0.282552 0.223633 0.28776 0.222656 0.289062 0.222656 0.292969 0.22168 0.294271 0.22168 0.295573 0.220703 0.296875 0.220703 0.298177 0.219727 0.299479 0.219727 0.300781 0.21875 0.302083 0.21875 0.303385 0.217773 0.304688 0.217773 0.30599 0.216797 0.307292 0.216797 0.309896 0.21582 0.311198 0.21582 0.3125 0.214844 0.313802 0.214844 0.316406 0.213867 0.317708 0.213867 0.31901 0.211914 0.321615 0.208984 0.321615 0.208984 0.376302 0.211914 0.376302 0.213867 0.378906 0.213867 0.380208 0.214844 0.38151 0.214844 0.382812 0.21875 0.388021 0.21875 0.391927 0.222656 0.391927 0.222656 0.388021 0.225586 0.384115 0.226562 0.384115 0.228516 0.38151 0.228516 0.380208 0.231445 0.376302 0.231445 0.375 0.232422 0.373698 0.232422 0.372396 0.233398 0.371094 0.233398 0.36849 0.234375 0.367188 0.234375 0.365885 0.235352 0.364583 0.235352 0.363281 0.236328 0.361979 0.236328 0.360677 0.237305 0.359375 0.237305 0.356771 0.238281 0.355469 0.238281 0.352865 0.239258 0.351562 0.239258 0.35026 0.240234 0.348958 0.240234 0.345052 0.241211 0.34375 0.241211 0.339844 0.242188 0.338542 0.242188 0.335938 0.243164 0.334635 0.243164 0.332031 0.244141 0.330729 0.244141 0.326823 0.245117 0.325521 0.245117 0.321615 0.246094 0.320312 0.246094 0.315104 0.24707 0.313802 0.24707 0.311198 0.248047 0.309896 0.248047 0.307292 0.249023 0.30599 0.249023 0.303385 0.25 0.302083 0.25 0.298177 0.250977 0.296875 0.250977 0.292969 0.251953 0.291667 0.251953 0.289062 0.25293 0.28776 0.25293 0.285156 0.253906 0.283854 0.253906 0.28125 0.254883 0.279948 0.254883 0.278646 0.255859 0.277344 0.255859 0.27474 0.256836 0.273438 0.256836 0.272135 0.257812 0.270833 0.257812 0.268229 0.258789 0.266927 0.258789 0.264323 0.259766 0.263021 0.259766 0.261719 0.260742 0.260417 0.260742 0.257812 0.261719 0.25651 0.261719 0.255208 0.262695 0.253906 0.262695 0.252604 0.264648 0.25 0.264648 0.248698 0.265625 0.247396 0.265625 0.246094 0.266602 0.244792 0.266602 0.242188 0.267578 0.240885 0.267578 0.239583 0.268555 0.238281 0.268555 0.236979 0.269531 0.235677 0.269531 0.234375 0.270508 0.233073 0.270508 0.231771 0.272461 0.229167 0.272461 0.227865 0.274414 0.22526 0.274414 0.223958 0.275391 0.222656 0.275391 0.221354 0.27832 0.217448 0.27832 0.216146 0.28125 0.21224 0.28125 0.210938 0.283203 0.208333 0.283203 0.207031 0.285156 0.204427 0.285156 0.203125 0.289062 0.197917 0.289062 0.196615 0.292969 0.191406 0.292969 0.190104 0.295898 0.186198 0.296875 0.186198 0.298828 0.183594 0.298828 0.182292 0.300781 0.179688 0.300781 0.178385 0.302734 0.175781 0.302734 0.174479 0.305664 0.170573 0.305664 0.169271 0.311523 0.161458 0.311523 0.160156 0.31543 0.154948 0.31543 0.153646 0.317383 0.151042 0.317383 0.14974 0.319336 0.147135 0.319336 0.145833 0.320312 0.144531 0.320312 0.143229 0.321289 0.141927 0.321289 0.140625 0.322266 0.139323 0.322266 0.136719 0.323242 0.135417 0.323242 0.134115 0.324219 0.132812 0.324219 0.130208 0.325195 0.128906 0.325195 0.127604 0.326172 0.126302 0.326172 0.125 0.327148 0.123698 0.327148 0.11849 0.328125 0.117188 0.327148 0.115885 0.327148 0.110677 0.326172 0.109375 0.326172 0.105469 0.325195 0.104167 0.325195 0.102865 0.323242 0.10026 0.323242 0.0989583 0.322266 0.0976562 0.322266 0.0950521 0.320312 0.0924479 0.320312 0.0911458 0.319336 0.0898438 0.319336 0.0859375
1 0.693359 0.268229 0.693359 0.273438 0.69043 0.277344 0.689453 0.277344 0.6875 0.279948 0.686523 0.279948 0.68457 0.282552 0.683594 0.282552 0.679688 0.28776 0.679688 0.289062 0.677734 0.291667 0.677734 0.292969 0.676758 0.294271 0.676758 0.295573 0.674805 0.298177 0.674805 0.299479 0.673828 0.300781 0.673828 0.303385 0.672852 0.304688 0.672852 0.313802 0.671875 0.315104 0.671875 0.320312 0.670898 0.321615 0.670898 0.324219 0.669922 0.325521 0.669922 0.328125 0.668945 0.329427 0.668945 0.334635 0.667969 0.335938 0.667969 0.342448 0.666992 0.34375 0.666992 0.347656 0.666016 0.348958 0.666016 0.352865 0.665039 0.354167 0.665039 0.356771 0.664062 0.358073 0.664062 0.360677 0.663086 0.361979 0.663086 0.363281 0.662109 0.364583 0.662109 0.367188 0.661133 0.36849 0.661133 0.369792 0.660156 0.371094 0.660156 0.375 0.65918 0.376302 0.65918 0.377604 0.658203 0.378906 0.658203 0.38151 0.657227 0.382812 0.657227 0.385417 0.65625 0.386719 0.65625 0.389323 0.655273 0.390625 0.655273 0.393229 0.654297 0.394531 0.654297 0.398438 0.65332 0.39974 0.65332 0.403646 0.652344 0.404948 0.652344 0.408854 0.651367 0.410156 0.651367 0.411458 0.650391 0.41276 0.650391 0.415365 0.649414 0.416667 0.649414 0.417969 0.648438 0.419271 0.648438 0.420573 0.647461 0.421875 0.647461 0.423177 0.646484 0.424479 0.646484 0.427083 0.645508 0.428385 0.645508 0.43099 0.644531 0.432292 0.644531 0.433594 0.643555 0.434896 0.643555 0.4375 0.642578 0.438802 0.642578 0.440104 0.641602 0.441406 0.641602 0.44401 0.640625 0.445312 0.640625 0.446615 0.639648 0.447917 0.639648 0.449219 0.638672 0.450521 0.634766 0.450521 0.634766 0.485677 0.645508 0.485677 0.645508 0.481771 0.647461 0.479167 0.648438 0.479167 0.650391 0.476562 0.651367 0.476562 0.652344 0.47526 0.65332 0.47526 0.655273 0.472656 0.65625 0.472656 0.657227 0.471354 0.658203 0.471354 0.660156 0.46875 0.661133 0.46875 0.664062 0.464844 0.665039 0.464844 0.671875 0.455729 0.671875 0.454427 0.672852 0.453125 0.672852 0.451823 0.673828 0.450521 0.673828 0.445312 0.674805 0.44401 0.674805 0.440104 0.675781 0.438802 0.675781 0.436198 0.676758 0.434896 0.676758 0.432292 0.677734 0.43099 0.677734 0.429688 0.678711 0.428385 0.678711 0.425781 0.679688 0.424479 0.679688 0.423177 0.680664 0.421875 0.680664 0.420573 0.681641 0.419271 0.681641 0.417969 0.682617 0.416667 0.682617 0.414062 0.68457 0.411458 0.68457 0.410156 0.686523 0.407552 0.686523 0.40625 0.6875 0.404948 0.6875 0.403646 0.688477 0.402344 0.688477 0.401042 0.689453 0.39974 0.689453 0.398438 0.69043 0.397135 0.69043 0.395833 0.691406 0.394531 0.691406 0.391927 0.692383 0.390625 0.692383 0.388021 0.693359 0.386719 0.693359 0.385417 0.694336 0.384115 0.694336 0.382812 0.695312 0.38151 0.695312 0.378906 0.696289 0.377604 0.696289 0.376302 0.698242 0.373698 0.698242 0.372396 0.699219 0.371094 0.699219 0.369792 0.700195 0.36849 0.700195 0.367188 0.701172 0.365885 0.701172 0.361979 0.702148 0.360677 0.702148 0.346354 0.703125 0.345052 0.703125 0.338542 0.704102 0.33724 0.704102 0.333333 0.705078 0.332031 0.705078 0.326823 0.706055 0.325521 0.706055 0.320312 0.707031 0.31901 0.707031 0.311198 0.708008 0.309896 0.708008 0.298177 0.708984 0.296875 0.708984 0.290365 0.709961 0.289062 0.709961 0.279948 0.710938 0.278646 0.710938 0.268229
1 0.637695 0.315104 0.637695 0.320312 0.628906 0.332031 0.62793 0.332031 0.618164 0.345052 0.617188 0.345052 0.609375 0.355469 0.608398 0.355469 0.604492 0.360677 0.603516 0.360677 0.601562 0.363281 0.600586 0.363281 0.598633 0.365885 0.597656 0.365885 0.594727 0.369792 0.59375 0.369792 0.59082 0.373698 0.589844 0.373698 0.578125 0.389323 0.577148 0.389323 0.574219 0.393229 0.573242 0.393229 0.570312 0.397135 0.569336 0.397135 0.5625 0.40625 0.561523 0.40625 0.558594 0.410156 0.557617 0.410156 0.555664 0.41276 0.554688 0.41276 0.552734 0.415365 0.551758 0.415365 0.548828 0.419271 0.547852 0.419271 0.545898 0.421875 0.544922 0.421875 0.542969 0.424479 0.541992 0.424479 0.540039 0.427083 0.539062 0.427083 0.536133 0.43099 0.535156 0.43099 0.53418 0.432292 0.533203 0.432292 0.532227 0.433594 0.529297 0.433594 0.529297 0.485677 0.553711 0.485677 0.553711 0.481771 0.555664 0.479167 0.556641 0.479167 0.557617 0.477865 0.558594 0.477865 0.560547 0.47526 0.561523 0.47526 0.5625 0.473958 0.563477 0.473958 0.564453 0.472656 0.56543 0.472656 0.566406 0.471354 0.567383 0.471354 0.569336 0.46875 0.570312 0.46875 0.571289 0.467448 0.572266 0.467448 0.576172 0.46224 0.577148 0.46224 0.583008 0.454427 0.583984 0.454427 0.589844 0.446615 0.59082 0.446615 0.605469 0.427083 0.606445 0.427083 0.615234 0.415365 0.616211 0.415365 0.62207 0.407552 0.623047 0.407552 0.630859 0.397135 0.631836 0.397135 0.637695 0.389323 0.638672 0.389323 0.642578 0.384115 0.643555 0.384115 0.645508 0.38151 0.651367 0.38151 0.654297 0.377604 0.654297 0.376302 0.655273 0.375 0.655273 0.372396 0.65625 0.371094 0.65625 0.36849 0.657227 0.367188 0.657227 0.365885 0.658203 0.364583 0.658203 0.363281 0.65918 0.361979 0.65918 0.360677 0.661133 0.358073 0.661133 0.356771 0.662109 0.355469 0.662109 0.354167 0.663086 0.352865 0.663086 0.35026 0.664062 0.348958 0.664062 0.347656 0.665039 0.346354 0.665039 0.345052 0.666016 0.34375 0.668945 0.34375 0.668945 0.315104
1 0.888672 0.316406 0.887695 0.317708 0.883789 0.317708 0.882812 0.31901 0.880859 0.31901 0.879883 0.320312 0.878906 0.320312 0.87793 0.321615 0.874023 0.321615 0.873047 0.322917 0.865234 0.322917 0.864258 0.324219 0.853516 0.324219 0.852539 0.325521 0.847656 0.325521 0.84668 0.326823 0.84375 0.326823 0.842773 0.328125 0.839844 0.328125 0.838867 0.329427 0.837891 0.329427 0.836914 0.330729 0.835938 0.330729 0.834961 0.332031 0.833008 0.332031 0.832031 0.333333 0.830078 0.333333 0.829102 0.334635 0.827148 0.334635 0.826172 0.335938 0.824219 0.335938 0.823242 0.33724 0.820312 0.33724 0.819336 0.338542 0.816406 0.338542 0.81543 0.339844 0.813477 0.339844 0.8125 0.341146 0.8125 0.345052 0.907227 0.345052 0.907227 0.313802 0.897461 0.313802 0.896484 0.315104 0.895508 0.315104 0.894531 0.316406 0.888672 0.316406 0.883789 0.277344 0.884766 0.276042 0.886719 0.276042 0.889648 0.272135 0.889648 0.270833 0.892578 0.266927 0.892578 0.265625 0.895508 0.261719 0.895508 0.260417 0.898438 0.25651 0.898438 0.255208 0.900391 0.252604 0.900391 0.244792 0.899414 0.24349 0.899414 0.242188 0.896484 0.238281 0.896484 0.236979 0.895508 0.235677 0.894531 0.235677 0.890625 0.230469 0.889648 0.230469 0.888672 0.229167 0.887695 0.229167 0.884766 0.22526 0.881836 0.22526 0.880859 0.223958 0.878906 0.223958 0.87793 0.222656 0.876953 0.222656 0.875977 0.221354 0.873047 0.221354 0.87207 0.220052 0.868164 0.220052 0.867188 0.21875 0.864258 0.21875 0.863281 0.217448 0.860352 0.217448 0.859375 0.216146 0.847656 0.216146 0.84668 0.217448 0.838867 0.217448 0.837891 0.21875 0.819336 0.21875 0.818359 0.220052 0.817383 0.220052 0.816406 0.21875 0.808594 0.21875 0.807617 0.217448 0.802734 0.217448 0.801758 0.216146 0.795898 0.216146 0.794922 0.214844 0.789062 0.214844 0.788086 0.213542 0.78418 0.213542 0.783203 0.21224 0.779297 0.21224 0.77832 0.210938 0.776367 0.210938 0.775391 0.209635 0.772461 0.209635 0.771484 0.208333 0.756836 0.208333 0.755859 0.207031 0.751953 0.207031 0.750977 0.205729 0.749023 0.205729 0.748047 0.204427 0.748047 0.200521 0.701172 0.200521 0.701172 0.204427 0.700195 0.205729 0.696289 0.205729 0.695312 0.207031 0.691406 0.207031 0.69043 0.208333 0.6875 0.208333 0.686523 0.209635 0.68457 0.209635 0.683594 0.210938 0.682617 0.210938 0.681641 0.21224 0.680664 0.21224 0.679688 0.213542 0.677734 0.213542 0.676758 0.214844 0.675781 0.214844 0.674805 0.216146 0.673828 0.216146 0.672852 0.217448 0.671875 0.217448 0.670898 0.21875 0.669922 0.21875 0.668945 0.220052 0.667969 0.220052 0.666992 0.221354 0.665039 0.221354 0.664062 0.222656 0.663086 0.222656 0.662109 0.223958 0.660156 0.223958 0.65918 0.22526 0.658203 0.22526 0.657227 0.226562 0.65625 0.226562 0.655273 0.227865 0.654297 0.227865 0.652344 0.230469 0.651367 0.230469 0.649414 0.233073 0.648438 0.233073 0.647461 0.234375 0.645508 0.234375 0.644531 0.235677 0.643555 0.235677 0.642578 0.236979 0.639648 0.236979 0.638672 0.238281 0.636719 0.238281 0.635742 0.239583 0.633789 0.239583 0.631836 0.242188 0.630859 0.242188 0.629883 0.24349 0.628906 0.24349 0.62793 0.244792 0.626953 0.244792 0.625977 0.246094 0.625 0.246094 0.623047 0.248698 0.62207 0.248698 0.621094 0.25 0.620117 0.25 0.619141 0.251302 0.618164 0.251302 0.617188 0.252604 0.616211 0.252604 0.615234 0.253906 0.614258 0.253906 0.613281 0.255208 0.612305 0.255208 0.610352 0.257812 0.609375 0.257812 0.608398 0.259115 0.607422 0.259115 0.606445 0.260417 0.605469 0.260417 0.603516 0.263021 0.601562 0.263021 0.600586 0.264323 0.592773 0.264323 0.591797 0.265625 0.584961 0.265625 0.583984 0.266927 0.579102 0.266927 0.578125 0.268229 0.572266 0.268229 0.571289 0.269531 0.567383 0.269531 0.566406 0.270833 0.564453 0.270833 0.563477 0.272135 0.5625 0.272135 0.561523 0.273438 0.560547 0.273438 0.55957 0.27474 0.558594 0.27474 0.557617 0.276042 0.556641 0.276042 0.555664 0.277344 0.553711 0.277344 0.552734 0.278646 0.551758 0.278646 0.550781 0.279948 0.548828 0.279948 0.547852 0.28125 0.544922 0.28125 0.543945 0.282552 0.541016 0.282552 0.540039 0.283854 0.536133 0.283854 0.535156 0.285156 0.53125 0.285156 0.530273 0.286458 0.52832 0.286458 0.527344 0.28776 0.526367 0.28776 0.525391 0.289062 0.524414 0.289062 0.522461 0.291667 0.521484 0.291667 0.520508 0.292969 0.517578 0.292969 0.517578 0.321615 0.520508 0.321615 0.523438 0.325521 0.524414 0.325521 0.527344 0.329427 0.52832 0.329427 0.529297 0.330729 0.530273 0.330729 0.53125 0.332031 0.538086 0.332031 0.539062 0.333333 0.566406 0.333333 0.567383 0.332031 0.571289 0.332031 0.572266 0.330729 0.574219 0.330729 0.575195 0.329427 0.578125 0.329427 0.579102 0.328125 0.584961 0.328125 0.585938 0.326823 0.591797 0.326823 0.592773 0.325521 0.59668 0.325521 0.597656 0.324219 0.599609 0.324219 0.600586 0.322917 0.602539 0.322917 0.603516 0.321615 0.605469 0.321615 0.606445 0.320312 0.608398 0.320312 0.609375 0.31901 0.611328 0.31901 0.612305 0.317708 0.613281 0.317708 0.614258 0.316406 0.617188 0.316406 0.618164 0.315104 0.620117 0.315104 0.621094 0.313802 0.62207 0.313802 0.623047 0.3125 0.625 0.3125 0.625977 0.311198 0.62793 0.311198 0.628906 0.309896 0.629883 0.309896 0.630859 0.308594 0.631836 0.308594 0.632812 0.307292 0.633789 0.307292 0.634766 0.30599 0.635742 0.30599 0.636719 0.304688 0.637695 0.304688 0.638672 0.303385 0.639648 0.303385 0.640625 0.302083 0.641602 0.302083 0.643555 0.299479 0.644531 0.299479 0.646484 0.296875 0.647461 0.296875 0.648438 0.295573 0.649414 0.295573 0.651367 0.292969 0.652344 0.292969 0.65332 0.291667 0.654297 0.291667 0.655273 0.290365 0.65625 0.290365 0.657227 0.289062 0.658203 0.289062 0.65918 0.28776 0.660156 0.28776 0.661133 0.286458 0.662109 0.286458 0.663086 0.285156 0.665039 0.285156 0.666016 0.283854 0.667969 0.283854 0.668945 0.282552 0.669922 0.282552 0.670898 0.28125 0.672852 0.28125 0.673828 0.279948 0.674805 0.279948 0.675781 0.278646 0.676758 0.278646 0.677734 0.277344 0.678711 0.277344 0.679688 0.276042 0.680664 0.276042 0.681641 0.27474 0.682617 0.27474 0.683594 0.273438 0.685547 0.273438 0.686523 0.272135 0.688477 0.272135 0.689453 0.270833 0.691406 0.270833 0.692383 0.269531 0.696289 0.269531 0.697266 0.268229 0.702148 0.268229 0.703125 0.266927 0.706055 0.266927 0.707031 0.265625 0.710938 0.265625 0.711914 0.264323 0.714844 0.264323 0.71582 0.263021 0.720703 0.263021 0.72168 0.261719 0.725586 0.261719 0.726562 0.260417 0.734375 0.260417 0.735352 0.259115 0.744141 0.259115 0.745117 0.260417 0.760742 0.260417 0.761719 0.261719 0.767578 0.261719 0.768555 0.263021 0.773438 0.263021 0.774414 0.264323 0.77832 0.264323 0.779297 0.265625 0.78125 0.265625 0.782227 0.266927 0.786133 0.266927 0.787109 0.268229 0.794922 0.268229 0.795898 0.269531 0.804688 0.269531 0.805664 0.270833 0.8125 0.270833 0.813477 0.272135 0.821289 0.272135 0.822266 0.273438 0.833008 0.273438 0.833984 0.27474 0.841797 0.27474 0.842773 0.276042 0.850586 0.276042 0.851562 0.277344 0.854492 0.277344 0.855469 0.278646 0.859375 0.278646 0.860352 0.279948 0.870117 0.279948 0.871094 0.278646 0.875 0.278646 0.875977 0.277344 0.883789 0.277344
1 0.513672 0.856771 0.513672 0.861979 0.512695 0.863281 0.509766 0.863281 0.509766 0.908854 0.512695 0.908854 0.513672 0.910156 0.513672 0.911458 0.514648 0.91276 0.514648 0.914062 0.515625 0.915365 0.515625 0.917969 0.516602 0.919271 0.516602 0.920573 0.517578 0.921875 0.517578 0.923177 0.518555 0.924479 0.518555 0.928385 0.563477 0.928385 0.563477 0.919271 0.560547 0.919271 0.55957 0.917969 0.55957 0.916667 0.558594 0.915365 0.558594 0.914062 0.557617 0.91276 0.557617 0.911458 0.554688 0.907552 0.554688 0.90625 0.553711 0.904948 0.553711 0.903646 0.552734 0.902344 0.552734 0.901042 0.551758 0.89974 0.551758 0.898438 0.550781 0.897135 0.550781 0.895833 0.549805 0.894531 0.549805 0.893229 0.548828 0.891927 0.548828 0.890625 0.547852 0.889323 0.547852 0.886719 0.545898 0.884115 0.545898 0.882812 0.544922 0.88151 0.544922 0.880208 0.543945 0.878906 0.543945 0.877604 0.542969 0.876302 0.542969 0.875 0.541992 0.873698 0.541992 0.872396 0.541016 0.871094 0.541016 0.869792 0.540039 0.86849 0.539062 0.86849 0.535156 0.863281 0.53418 0.863281 0.532227 0.860677 0.532227 0.856771
1 0.400391 0.731771 0.400391 0.736979 0.398438 0.739583 0.398438 0.740885 0.396484 0.74349 0.396484 0.744792 0.387695 0.75651 0.387695 0.757812 0.381836 0.765625 0.381836 0.766927 0.379883 0.769531 0.379883 0.770833 0.37793 0.773438 0.37793 0.77474 0.375 0.778646 0.375 0.779948 0.374023 0.78125 0.374023 0.782552 0.37207 0.785156 0.37207 0.786458 0.369141 0.790365 0.369141 0.791667 0.364258 0.798177 0.364258 0.799479 0.362305 0.802083 0.362305 0.803385 0.361328 0.804688 0.361328 0.80599 0.359375 0.808594 0.359375 0.809896 0.358398 0.811198 0.358398 0.813802 0.357422 0.815104 0.357422 0.816406 0.356445 0.817708 0.356445 0.81901 0.355469 0.820312 0.355469 0.821615 0.353516 0.824219 0.353516 0.825521 0.351562 0.828125 0.351562 0.829427 0.350586 0.830729 0.350586 0.832031 0.348633 0.834635 0.348633 0.835938 0.34668 0.838542 0.34668 0.839844 0.344727 0.842448 0.344727 0.84375 0.341797 0.847656 0.341797 0.848958 0.338867 0.852865 0.338867 0.854167 0.336914 0.856771 0.336914 0.858073 0.335938 0.859375 0.335938 0.861979 0.334961 0.863281 0.334961 0.864583 0.333984 0.865885 0.333984 0.867188 0.333008 0.86849 0.333008 0.871094 0.332031 0.872396 0.332031 0.873698 0.331055 0.875 0.331055 0.876302 0.330078 0.877604 0.330078 0.878906 0.329102 0.880208 0.329102 0.88151 0.328125 0.882812 0.328125 0.884115 0.327148 0.885417 0.327148 0.886719 0.326172 0.888021 0.322266 0.888021 0.322266 0.928385 0.365234 0.928385 0.365234 0.924479 0.367188 0.921875 0.367188 0.920573 0.369141 0.917969 0.369141 0.915365 0.370117 0.914062 0.370117 0.911458 0.37207 0.908854 0.37207 0.907552 0.374023 0.904948 0.374023 0.903646 0.375977 0.901042 0.375977 0.89974 0.376953 0.898438 0.376953 0.897135 0.37793 0.895833 0.37793 0.894531 0.379883 0.891927 0.379883 0.890625 0.380859 0.889323 0.380859 0.888021 0.381836 0.886719 0.381836 0.885417 0.382812 0.884115 0.382812 0.882812 0.384766 0.880208 0.384766 0.878906 0.385742 0.877604 0.385742 0.876302 0.387695 0.873698 0.387695 0.872396 0.389648 0.869792 0.389648 0.867188 0.390625 0.865885 0.390625 0.864583 0.391602 0.863281 0.391602 0.861979 0.392578 0.860677 0.392578 0.859375 0.393555 0.858073 0.393555 0.856771 0.395508 0.854167 0.395508 0.852865 0.397461 0.85026 0.397461 0.848958 0.398438 0.847656 0.398438 0.846354 0.400391 0.84375 0.400391 0.842448 0.401367 0.841146 0.401367 0.839844 0.40332 0.83724 0.40332 0.835938 0.404297 0.834635 0.404297 0.833333 0.40625 0.830729 0.40625 0.829427 0.408203 0.826823 0.408203 0.825521 0.410156 0.822917 0.410156 0.821615 0.412109 0.81901 0.412109 0.817708 0.413086 0.816406 0.413086 0.815104 0.414062 0.813802 0.414062 0.8125 0.416016 0.809896 0.416016 0.808594 0.416992 0.807292 0.416992 0.80599 0.418945 0.803385 0.418945 0.800781 0.419922 0.799479 0.419922 0.798177 0.420898 0.796875 0.420898 0.794271 0.421875 0.792969 0.421875 0.791667 0.422852 0.790365 0.422852 0.78776 0.423828 0.786458 0.423828 0.783854 0.424805 0.782552 0.424805 0.779948 0.425781 0.778646 0.425781 0.773438 0.426758 0.772135 0.426758 0.770833 0.427734 0.769531 0.430664 0.769531 0.430664 0.757812 0.427734 0.757812 0.425781 0.755208 0.425781 0.753906 0.424805 0.752604 0.424805 0.75 0.423828 0.748698 0.423828 0.74349 0.422852 0.742188 0.422852 0.740885 0.423828 0.739583 0.423828 0.731771
1 0.712891 0.273438 0.712891 0.325521 0.717773 0.325521 0.71875 0.324219 0.72168 0.324219 0.722656 0.325521 0.723633 0.325521 0.724609 0.326823 0.725586 0.326823 0.726562 0.328125 0.727539 0.328125 0.728516 0.329427 0.729492 0.329427 0.732422 0.333333 0.733398 0.333333 0.734375 0.334635 0.735352 0.334635 0.737305 0.33724 0.738281 0.33724 0.740234 0.339844 0.741211 0.339844 0.744141 0.34375 0.745117 0.34375 0.74707 0.346354 0.748047 0.346354 0.75 0.348958 0.750977 0.348958 0.75293 0.351562 0.751953 0.352865 0.751953 0.354167 0.750977 0.355469 0.750977 0.356771 0.75 0.358073 0.749023 0.358073 0.748047 0.359375 0.739258 0.359375 0.738281 0.360677 0.732422 0.360677 0.731445 0.359375 0.728516 0.359375 0.727539 0.358073 0.725586 0.358073 0.722656 0.354167 0.722656 0.352865 0.72168 0.351562 0.72168 0.35026 0.720703 0.348958 0.719727 0.348958 0.71582 0.34375 0.712891 0.34375 0.712891 0.365885 0.767578 0.365885 0.767578 0.360677 0.768555 0.359375 0.769531 0.359375 0.770508 0.358073 0.771484 0.358073 0.772461 0.356771 0.774414 0.356771 0.775391 0.355469 0.776367 0.355469 0.777344 0.354167 0.77832 0.354167 0.779297 0.352865 0.780273 0.352865 0.78125 0.351562 0.782227 0.351562 0.783203 0.35026 0.78418 0.35026 0.786133 0.347656 0.787109 0.347656 0.788086 0.346354 0.790039 0.346354 0.791016 0.345052 0.791992 0.345052 0.792969 0.34375 0.794922 0.34375 0.795898 0.342448 0.797852 0.342448 0.798828 0.341146 0.799805 0.341146 0.800781 0.339844 0.802734 0.339844 0.803711 0.338542 0.805664 0.338542 0.806641 0.33724 0.808594 0.33724 0.80957 0.335938 0.814453 0.335938 0.81543 0.334635 0.818359 0.334635 0.819336 0.333333 0.822266 0.333333 0.823242 0.332031 0.824219 0.332031 0.825195 0.330729 0.828125 0.330729 0.829102 0.329427 0.831055 0.329427 0.832031 0.328125 0.833008 0.328125 0.833984 0.326823 0.834961 0.326823 0.835938 0.325521 0.837891 0.325521 0.838867 0.324219 0.84082 0.324219 0.841797 0.322917 0.844727 0.322917 0.845703 0.321615 0.847656 0.321615 0.848633 0.320312 0.851562 0.320312 0.852539 0.31901 0.868164 0.31901 0.869141 0.317708 0.873047 0.317708 0.874023 0.316406 0.875977 0.316406 0.876953 0.315104 0.879883 0.315104 0.880859 0.313802 0.882812 0.313802 0.883789 0.3125 0.883789 0.311198 0.885742 0.308594 0.885742 0.303385 0.884766 0.302083 0.884766 0.296875 0.883789 0.295573 0.883789 0.289062 0.884766 0.28776 0.884766 0.282552 0.875977 0.282552 0.875 0.28125 0.852539 0.28125 0.851562 0.279948 0.844727 0.279948 0.84375 0.278646 0.842773 0.278646 0.841797 0.277344 0.841797 0.273438 0.760742 0.273438 0.760742 0.278646 0.756836 0.283854 0.755859 0.283854 0.753906 0.286458 0.75293 0.286458 0.750977 0.289062 0.75 0.289062 0.749023 0.290365 0.748047 0.290365 0.746094 0.292969 0.745117 0.292969 0.743164 0.295573 0.742188 0.295573 0.741211 0.296875 0.739258 0.296875 0.738281 0.298177 0.736328 0.298177 0.735352 0.299479 0.733398 0.299479 0.732422 0.300781 0.729492 0.300781 0.728516 0.302083 0.725586 0.302083 0.724609 0.303385 0.720703 0.298177 0.720703 0.291667 0.72168 0.290365 0.72168 0.289062 0.723633 0.286458 0.723633 0.285156 0.725586 0.282552 0.725586 0.273438
1 0.701172 0.315104 0.701172 0.364583 0.705078 0.364583 0.708008 0.36849 0.708984 0.36849 0.709961 0.369792 0.711914 0.369792 0.71582 0.375 0.71582 0.376302 0.716797 0.377604 0.716797 0.38151 0.734375 0.38151 0.734375 0.377604 0.736328 0.375 0.737305 0.375 0.738281 0.373698 0.740234 0.373698 0.741211 0.372396 0.742188 0.372396 0.743164 0.371094 0.744141 0.371094 0.745117 0.369792 0.746094 0.369792 0.74707 0.36849 0.749023 0.36849 0.75 0.367188 0.751953 0.367188 0.75293 0.365885 0.753906 0.365885 0.755859 0.363281 0.758789 0.363281 0.758789 0.359375 0.754883 0.359375 0.753906 0.358073 0.75293 0.358073 0.746094 0.348958 0.745117 0.348958 0.741211 0.34375 0.740234 0.34375 0.735352 0.33724 0.734375 0.33724 0.732422 0.334635 0.731445 0.334635 0.729492 0.332031 0.728516 0.332031 0.725586 0.328125 0.724609 0.328125 0.723633 0.326823 0.722656 0.326823 0.72168 0.325521 0.720703 0.325521 0.717773 0.321615 0.716797 0.321615 0.714844 0.31901 0.714844 0.315104
1 0.134766 0.403646 0.134766 0.420573 0.137695 0.420573 0.143555 0.428385 0.143555 0.429688 0.155273 0.445312 0.155273 0.446615 0.15918 0.451823 0.15918 0.453125 0.164062 0.459635 0.164062 0.460938 0.170898 0.470052 0.170898 0.471354 0.177734 0.480469 0.178711 0.480469 0.180664 0.483073 0.181641 0.483073 0.185547 0.488281 0.186523 0.488281 0.189453 0.492188 0.189453 0.496094 0.202148 0.496094 0.202148 0.492188 0.206055 0.486979 0.206055 0.485677 0.208984 0.481771 0.211914 0.481771 0.211914 0.470052 0.208984 0.470052 0.207031 0.467448 0.207031 0.464844 0.205078 0.46224 0.205078 0.460938 0.201172 0.455729 0.201172 0.454427 0.196289 0.447917 0.196289 0.446615 0.192383 0.441406 0.192383 0.440104 0.19043 0.4375 0.19043 0.436198 0.189453 0.434896 0.189453 0.433594 0.188477 0.432292 0.188477 0.429688 0.1875 0.428385 0.1875 0.427083 0.186523 0.425781 0.186523 0.424479 0.185547 0.423177 0.185547 0.421875 0.18457 0.420573 0.18457 0.419271 0.182617 0.416667 0.182617 0.415365 0.179688 0.411458 0.178711 0.411458 0.175781 0.407552 0.175781 0.403646
1 0.608398 0.851562 0.608398 0.855469 0.607422 0.856771 0.603516 0.856771 0.603516 0.88151 0.607422 0.88151 0.608398 0.882812 0.608398 0.884115 0.610352 0.886719 0.610352 0.888021 0.611328 0.889323 0.611328 0.890625 0.612305 0.891927 0.612305 0.895833 0.613281 0.897135 0.613281 0.89974 0.612305 0.901042 0.612305 0.914062 0.613281 0.915365 0.613281 0.917969 0.615234 0.920573 0.615234 0.921875 0.617188 0.924479 0.617188 0.928385 0.670898 0.928385 0.670898 0.917969 0.666992 0.91276 0.666992 0.911458 0.664062 0.907552 0.664062 0.90625 0.662109 0.903646 0.662109 0.902344 0.661133 0.901042 0.661133 0.89974 0.660156 0.898438 0.660156 0.897135 0.65918 0.895833 0.65918 0.894531 0.657227 0.891927 0.657227 0.890625 0.65625 0.889323 0.65625 0.888021 0.655273 0.886719 0.655273 0.885417 0.654297 0.884115 0.654297 0.882812 0.65332 0.88151 0.65332 0.880208 0.651367 0.877604 0.651367 0.876302 0.648438 0.872396 0.648438 0.871094 0.646484 0.86849 0.646484 0.867188 0.641602 0.860677 0.641602 0.859375 0.638672 0.855469 0.638672 0.851562
1 0.969727 0.356771 0.969727 0.361979 0.963867 0.369792 0.963867 0.371094 0.961914 0.373698 0.961914 0.376302 0.960938 0.377604 0.960938 0.384115 0.959961 0.385417 0.959961 0.401042 0.958984 0.402344 0.958984 0.427083 0.958008 0.428385 0.958008 0.440104 0.957031 0.441406 0.957031 0.451823 0.956055 0.453125 0.956055 0.459635 0.955078 0.460938 0.955078 0.464844 0.954102 0.466146 0.954102 0.470052 0.953125 0.471354 0.953125 0.476562 0.952148 0.477865 0.952148 0.485677 0.951172 0.486979 0.951172 0.494792 0.950195 0.496094 0.950195 0.5 0.949219 0.501302 0.949219 0.503906 0.948242 0.505208 0.948242 0.507812 0.947266 0.509115 0.947266 0.511719 0.946289 0.513021 0.943359 0.513021 0.943359 0.579427 0.966797 0.579427 0.966797 0.572917 0.967773 0.571615 0.967773 0.570312 0.969727 0.567708 0.969727 0.566406 0.97168 0.563802 0.97168 0.561198 0.973633 0.558594 0.973633 0.557292 0.974609 0.55599 0.974609 0.553385 0.975586 0.552083 0.975586 0.549479 0.976562 0.548177 0.976562 0.545573 0.977539 0.544271 0.977539 0.540365 0.978516 0.539062 0.978516 0.535156 0.979492 0.533854 0.979492 0.53125 0.980469 0.529948 0.980469 0.526042 0.981445 0.52474 0.981445 0.520833 0.982422 0.519531 0.982422 0.514323 0.983398 0.513021 0.983398 0.502604 0.984375 0.501302 0.984375 0.490885 0.985352 0.489583 0.985352 0.483073 0.986328 0.481771 0.986328 0.471354 0.987305 0.470052 0.987305 0.463542 0.988281 0.46224 0.988281 0.457031 0.989258 0.455729 0.989258 0.451823 0.990234 0.450521 0.990234 0.447917 0.991211 0.446615 0.991211 0.44401 0.992188 0.442708 0.992188 0.440104 0.993164 0.438802 0.993164 0.4375 0.994141 0.436198 0.994141 0.434896 0.995117 0.433594 0.995117 0.429688 0.996094 0.428385 0.996094 0.420573 0.995117 0.419271 0.995117 0.415365 0.994141 0.414062 0.994141 0.41276 0.993164 0.411458 0.993164 0.410156 0.992188 0.408854 0.992188 0.40625 0.991211 0.404948 0.991211 0.402344 0.990234 0.401042 0.990234 0.38151 0.989258 0.380208 0.989258 0.378906 0.988281 0.377604 0.988281 0.375 0.987305 0.373698 0.987305 0.372396 0.986328 0.371094 0.986328 0.369792 0.983398 0.365885 0.983398 0.364583 0.981445 0.361979 0.981445 0.356771
1 0.353516 0.916667 0.352539 0.916667 0.352539 0.917969 0.354492 0.917969 0.353516 0.916667 0.384766 0.842448 0.385742 0.842448 0.386719 0.84375 0.388672 0.84375 0.389648 0.842448 0.390625 0.842448 0.396484 0.834635 0.396484 0.832031 0.40625 0.81901 0.40625 0.817708 0.407227 0.816406 0.407227 0.815104 0.40918 0.8125 0.40918 0.811198 0.412109 0.807292 0.412109 0.80599 0.413086 0.804688 0.413086 0.803385 0.414062 0.802083 0.414062 0.800781 0.415039 0.799479 0.415039 0.796875 0.416016 0.795573 0.416016 0.792969 0.416992 0.791667 0.416992 0.790365 0.418945 0.78776 0.418945 0.785156 0.419922 0.783854 0.419922 0.782552 0.422852 0.778646 0.422852 0.773438 0.423828 0.772135 0.423828 0.769531 0.424805 0.768229 0.424805 0.764323 0.423828 0.763021 0.423828 0.759115 0.422852 0.757812 0.422852 0.755208 0.421875 0.753906 0.421875 0.752604 0.420898 0.751302 0.420898 0.75 0.416992 0.744792 0.551758 0.44401 0.551758 0.459635 0.547852 0.464844 0.545898 0.464844 0.544922 0.463542 0.459961 0.460938 0.457031 0.457031 0.457031 0.455729 0.451172 0.447917 0.451172 0.446615 0.450195 0.445312 0.450195 0.442708 0.449219 0.441406 0.449219 0.436198 0.450195 0.434896 0.450195 0.425781 0.451172 0.424479 0.450195 0.423177 0.447266 0.423177 0.439453 0.433594 0.438477 0.433594 0.4375 0.434896 0.435547 0.434896 0.43457 0.436198 0.431641 0.436198 0.430664 0.434896 0.424805 0.434896 0.423828 0.433594 0.422852 0.434896 0.416992 0.434896 0.411133 0.427083 0.411133 0.425781 0.410156 0.424479 0.40918 0.424479 0.408203 0.423177 0.407227 0.423177 0.40625 0.424479 0.40332 0.424479 0.402344 0.425781 0.401367 0.425781 0.400391 0.427083 0.397461 0.427083 0.396484 0.428385 0.393555 0.428385 0.392578 0.429688 0.388672 0.429688 0.387695 0.43099 0.382812 0.43099 0.381836 0.432292 0.379883 0.432292 0.373047 0.441406 0.37207 0.441406 0.364258 0.451823 0.363281 0.451823 0.357422 0.459635 0.356445 0.459635 0.352539 0.464844 0.351562 0.464844 0.34668 0.471354 0.345703 0.471354 0.34375 0.473958 0.342773 0.473958 0.339844 0.477865 0.338867 0.477865 0.332031 0.486979 0.332031 0.488281 0.330078 0.490885 0.330078 0.492188 0.328125 0.494792 0.328125 0.496094 0.327148 0.497396 0.327148 0.498698 0.326172 0.5 0.326172 0.502604 0.325195 0.503906 0.325195 0.505208 0.324219 0.50651 0.324219 0.509115 0.323242 0.510417 0.323242 0.513021 0.322266 0.514323 0.322266 0.515625 0.321289 0.516927 0.321289 0.518229 0.320312 0.519531 0.320312 0.520833 0.319336 0.522135 0.319336 0.523438 0.318359 0.52474 0.318359 0.526042 0.317383 0.527344 0.317383 0.528646 0.316406 0.529948 0.316406 0.53125 0.31543 0.532552 0.31543 0.535156 0.313477 0.53776 0.313477 0.539062 0.3125 0.540365 0.3125 0.541667 0.311523 0.542969 0.311523 0.544271 0.310547 0.545573 0.310547 0.546875 0.30957 0.548177 0.30957 0.549479 0.308594 0.550781 0.308594 0.552083 0.307617 0.553385 0.307617 0.554688 0.305664 0.557292 0.305664 0.558594 0.302734 0.5625 0.302734 0.563802 0.301758 0.565104 0.301758 0.566406 0.297852 0.571615 0.297852 0.572917 0.292969 0.579427 0.292969 0.580729 0.291016 0.583333 0.291016 0.584635 0.288086 0.588542 0.288086 0.589844 0.286133 0.592448 0.286133 0.59375 0.285156 0.595052 0.285156 0.596354 0.282227 0.60026 0.282227 0.601562 0.28125 0.602865 0.28125 0.604167 0.279297 0.606771 0.279297 0.608073 0.277344 0.610677 0.277344 0.611979 0.275391 0.614583 0.275391 0.615885 0.271484 0.621094 0.271484 0.622396 0.269531 0.625 0.269531 0.626302 0.266602 0.630208 0.266602 0.63151 0.264648 0.634115 0.264648 0.635417 0.262695 0.638021 0.262695 0.639323 0.258789 0.644531 0.258789 0.645833 0.246094 0.66276 0.246094 0.664062 0.243164 0.667969 0.243164 0.669271 0.230469 0.686198 0.230469 0.6875 0.22168 0.699219 0.220703 0.699219 0.214844 0.707031 0.214844 0.708333 0.210938 0.713542 0.209961 0.713542 0.205078 0.720052 0.204102 0.720052 0.201172 0.723958 0.200195 0.723958 0.194336 0.731771 0.193359 0.731771 0.191406 0.734375 0.19043 0.734375 0.189453 0.735677 0.1875 0.735677 0.186523 0.736979 0.185547 0.736979 0.18457 0.738281 0.183594 0.738281 0.182617 0.739583 0.181641 0.739583 0.180664 0.740885 0.179688 0.740885 0.178711 0.742188 0.177734 0.742188 0.175781 0.744792 0.173828 0.744792 0.172852 0.746094 0.169922 0.746094 0.168945 0.747396 0.166016 0.747396 0.165039 0.748698 0.163086 0.748698 0.162109 0.75 0.15918 0.75 0.158203 0.751302 0.150391 0.751302 0.149414 0.752604 0.141602 0.752604 0.140625 0.753906 0.135742 0.753906 0.134766 0.755208 0.121094 0.755208 0.120117 0.75651 0.111328 0.75651 0.110352 0.755208 0.0957031 0.755208 0.0947266 0.75651 0.0888672 0.75651 0.0878906 0.757812 0.0839844 0.757812 0.0830078 0.759115 0.0810547 0.759115 0.0800781 0.760417 0.0771484 0.760417 0.0761719 0.761719 0.0722656 0.761719 0.0712891 0.763021 0.0693359 0.763021 0.0683594 0.764323 0.0664062 0.764323 0.0654297 0.765625 0.0625 0.765625 0.0615234 0.766927 0.0605469 0.766927 0.0595703 0.768229 0.0585938 0.768229 0.0566406 0.770833 0.0546875 0.770833 0.0537109 0.772135 0.0527344 0.772135 0.0517578 0.773438 0.0507812 0.773438 0.0498047 0.77474 0.0488281 0.77474 0.046875 0.777344 0.0458984 0.777344 0.0449219 0.778646 0.0439453 0.778646 0.0410156 0.782552 0.0400391 0.782552 0.0390625 0.783854 0.0380859 0.783854 0.0361328 0.786458 0.0351562 0.786458 0.0341797 0.78776 0.0332031 0.78776 0.0322266 0.789062 0.03125 0.789062 0.0302734 0.790365 0.0292969 0.790365 0.0283203 0.791667 0.0273438 0.791667 0.0263672 0.792969 0.0253906 0.792969 0.0244141 0.794271 0.0234375 0.794271 0.0214844 0.796875 0.0205078 0.796875 0.0185547 0.799479 0.0175781 0.799479 0.015625 0.802083 0.0146484 0.802083 0.0126953 0.804688 0.0117188 0.804688 0.00878906 0.808594 0.0078125 0.808594 0.00488281 0.8125 0.00390625 0.8125 0.00195312 0.815104 0 0.815104 0 0.901042 0.000976562 0.901042 0.00292969 0.898438 0.00292969 0.897135 0.00488281 0.894531 0.00488281 0.893229 0.00585938 0.891927 0.00585938 0.890625 0.00683594 0.889323 0.00683594 0.888021 0.0078125 0.886719 0.0078125 0.885417 0.00976562 0.882812 0.00976562 0.88151 0.0234375 0.863281 0.0244141 0.863281 0.0292969 0.856771 0.0302734 0.856771 0.0332031 0.852865 0.0341797 0.852865 0.0380859 0.847656 0.0390625 0.847656 0.0410156 0.845052 0.0419922 0.845052 0.0449219 0.841146 0.0458984 0.841146 0.0507812 0.834635 0.0517578 0.834635 0.0537109 0.832031 0.0546875 0.832031 0.0556641 0.830729 0.0566406 0.830729 0.0576172 0.829427 0.0585938 0.829427 0.0595703 0.828125 0.0605469 0.828125 0.0615234 0.826823 0.0634766 0.826823 0.0644531 0.825521 0.0664062 0.825521 0.0673828 0.824219 0.0693359 0.824219 0.0703125 0.822917 0.0722656 0.822917 0.0732422 0.821615 0.0751953 0.821615 0.0761719 0.820312 0.078125 0.820312 0.0791016 0.81901 0.0820312 0.81901 0.0830078 0.817708 0.0869141 0.817708 0.0878906 0.816406 0.0947266 0.816406 0.0957031 0.815104 0.102539 0.815104 0.103516 0.813802 0.110352 0.813802 0.111328 0.8125 0.116211 0.8125 0.117188 0.811198 0.125 0.811198 0.125977 0.809896 0.131836 0.809896 0.132812 0.808594 0.136719 0.808594 0.137695 0.807292 0.144531 0.807292 0.145508 0.80599 0.151367 0.80599 0.152344 0.804688 0.166992 0.804688 0.167969 0.803385 0.169922 0.803385 0.170898 0.802083 0.171875 0.802083 0.172852 0.800781 0.173828 0.800781 0.174805 0.799479 0.175781 0.799479 0.176758 0.798177 0.177734 0.798177 0.178711 0.796875 0.179688 0.796875 0.180664 0.795573 0.181641 0.795573 0.182617 0.794271 0.183594 0.794271 0.18457 0.792969 0.186523 0.792969 0.1875 0.791667 0.189453 0.791667 0.19043 0.790365 0.192383 0.790365 0.193359 0.789062 0.194336 0.789062 0.195312 0.78776 0.196289 0.78776 0.197266 0.786458 0.198242 0.786458 0.199219 0.785156 0.200195 0.785156 0.201172 0.783854 0.202148 0.783854 0.203125 0.782552 0.204102 0.782552 0.208008 0.777344 0.208984 0.777344 0.212891 0.772135 0.212891 0.770833 0.214844 0.768229 0.214844 0.766927 0.21875 0.761719 0.21875 0.760417 0.22168 0.75651 0.22168 0.755208 0.223633 0.752604 0.223633 0.751302 0.226562 0.747396 0.226562 0.746094 0.227539 0.744792 0.227539 0.742188 0.228516 0.740885 0.228516 0.739583 0.232422 0.734375 0.234375 0.734375 0.235352 0.733073 0.236328 0.733073 0.238281 0.730469 0.239258 0.730469 0.241211 0.727865 0.241211 0.726562 0.243164 0.723958 0.244141 0.723958 0.24707 0.720052 0.248047 0.720052 0.25 0.717448 0.250977 0.717448 0.253906 0.713542 0.254883 0.713542 0.255859 0.71224 0.256836 0.71224 0.258789 0.709635 0.259766 0.709635 0.260742 0.708333 0.261719 0.708333 0.263672 0.705729 0.264648 0.705729 0.266602 0.703125 0.267578 0.703125 0.288086 0.675781 0.288086 0.674479 0.294922 0.665365 0.294922 0.664062 0.298828 0.658854 0.298828 0.657552 0.313477 0.638021 0.313477 0.636719 0.314453 0.635417 0.314453 0.634115 0.31543 0.632812 0.31543 0.63151 0.316406 0.630208 0.316406 0.628906 0.317383 0.627604 0.317383 0.626302 0.318359 0.625 0.318359 0.623698 0.319336 0.622396 0.319336 0.621094 0.320312 0.619792 0.320312 0.61849 0.321289 0.617188 0.321289 0.615885 0.323242 0.613281 0.323242 0.611979 0.327148 0.606771 0.327148 0.605469 0.329102 0.602865 0.329102 0.601562 0.330078 0.60026 0.330078 0.598958 0.333008 0.595052 0.333008 0.59375 0.335938 0.589844 0.335938 0.588542 0.337891 0.585938 0.337891 0.584635 0.338867 0.583333 0.338867 0.582031 0.34082 0.579427 0.34082 0.578125 0.341797 0.576823 0.341797 0.575521 0.342773 0.574219 0.342773 0.572917 0.344727 0.570312 0.344727 0.56901 0.34668 0.566406 0.34668 0.565104 0.348633 0.5625 0.348633 0.561198 0.350586 0.558594 0.350586 0.557292 0.353516 0.553385 0.353516 0.552083 0.355469 0.549479 0.355469 0.548177 0.358398 0.544271 0.358398 0.542969 0.360352 0.540365 0.360352 0.539062 0.361328 0.53776 0.361328 0.536458 0.362305 0.535156 0.362305 0.533854 0.363281 0.532552 0.363281 0.53125 0.364258 0.529948 0.364258 0.528646 0.365234 0.527344 0.365234 0.526042 0.366211 0.52474 0.366211 0.523438 0.367188 0.522135 0.367188 0.519531 0.368164 0.518229 0.368164 0.516927 0.369141 0.515625 0.369141 0.514323 0.370117 0.513021 0.370117 0.510417 0.371094 0.509115 0.371094 0.507812 0.37207 0.50651 0.37207 0.505208 0.380859 0.49349 0.381836 0.49349 0.382812 0.492188 0.383789 0.492188 0.386719 0.488281 0.387695 0.488281 0.388672 0.486979 0.389648 0.486979 0.391602 0.484375 0.392578 0.484375 0.393555 0.483073 0.394531 0.483073 0.395508 0.481771 0.396484 0.481771 0.400391 0.476562 0.401367 0.476562 0.40332 0.473958 0.404297 0.473958 0.40625 0.471354 0.407227 0.471354 0.408203 0.470052 0.410156 0.470052 0.411133 0.46875 0.412109 0.46875 0.413086 0.467448 0.414062 0.467448 0.415039 0.466146 0.425781 0.466146 0.426758 0.464844 0.428711 0.464844 0.429688 0.463542 0.430664 0.463542 0.431641 0.46224 0.433594 0.46224 0.43457 0.460938 0.448242 0.460938 0.449219 0.46224 0.458984 0.46224 0.459961 0.460938 0.544922 0.463542 0.542969 0.463542 0.541016 0.460938 0.540039 0.460938 0.540039 0.454427 0.538086 0.451823 0.538086 0.449219 0.541992 0.44401 0.541992 0.442708 0.542969 0.441406 0.542969 0.440104 0.547852 0.433594 0.548828 0.433594 0.548828 0.434896 0.549805 0.436198 0.549805 0.438802 0.550781 0.440104 0.550781 0.442708 0.551758 0.44401 0.416992 0.744792 0.415039 0.744792 0.414062 0.74349 0.408203 0.74349 0.407227 0.744792 0.40625 0.744792 0.404297 0.747396 0.404297 0.748698 0.40332 0.75 0.40332 0.766927 0.402344 0.768229 0.402344 0.773438 0.401367 0.77474 0.400391 0.77474 0.399414 0.776042 0.396484 0.776042 0.395508 0.777344 0.394531 0.777344 0.393555 0.778646 0.392578 0.778646 0.390625 0.78125 0.389648 0.78125 0.387695 0.783854 0.386719 0.783854 0.384766 0.786458 0.383789 0.786458 0.382812 0.78776 0.382812 0.789062 0.381836 0.790365 0.381836 0.792969 0.380859 0.794271 0.380859 0.795573 0.379883 0.796875 0.379883 0.798177 0.378906 0.799479 0.378906 0.804688 0.375 0.809896 0.375 0.8125 0.374023 0.813802 0.374023 0.817708 0.375 0.81901 0.375 0.821615 0.376953 0.824219 0.376953 0.828125 0.37793 0.829427 0.37793 0.830729 0.376953 0.832031 0.376953 0.835938 0.378906 0.835938 0.379883 0.83724 0.380859 0.83724 0.384766 0.842448
1 0.333984 0.276042 0.333008 0.277344 0.332031 0.277344 0.331055 0.278646 0.331055 0.282552 0.330078 0.283854 0.330078 0.285156 0.329102 0.286458 0.329102 0.28776 0.328125 0.289062 0.328125 0.291667 0.327148 0.292969 0.327148 0.295573 0.326172 0.296875 0.326172 0.302083 0.328125 0.304688 0.329102 0.304688 0.330078 0.30599 0.331055 0.30599 0.332031 0.304688 0.333008 0.304688 0.333984 0.303385 0.333984 0.300781 0.334961 0.299479 0.334961 0.277344 0.333984 0.276042 0.290039 0.325521 0.290039 0.328125 0.288086 0.330729 0.288086 0.332031 0.287109 0.333333 0.287109 0.335938 0.282227 0.342448 0.282227 0.34375 0.28125 0.345052 0.28125 0.346354 0.279297 0.348958 0.279297 0.35026 0.27832 0.351562 0.27832 0.355469 0.277344 0.356771 0.277344 0.360677 0.276367 0.361979 0.276367 0.364583 0.275391 0.365885 0.275391 0.36849 0.274414 0.369792 0.274414 0.373698 0.273438 0.375 0.273438 0.378906 0.272461 0.380208 0.272461 0.384115 0.271484 0.385417 0.271484 0.389323 0.270508 0.390625 0.270508 0.393229 0.269531 0.394531 0.269531 0.397135 0.268555 0.398438 0.268555 0.39974 0.267578 0.401042 0.267578 0.402344 0.266602 0.403646 0.266602 0.407552 0.265625 0.408854 0.265625 0.414062 0.264648 0.415365 0.264648 0.417969 0.263672 0.419271 0.263672 0.421875 0.262695 0.423177 0.262695 0.425781 0.261719 0.427083 0.261719 0.429688 0.260742 0.43099 0.260742 0.434896 0.259766 0.436198 0.259766 0.440104 0.258789 0.441406 0.258789 0.450521 0.257812 0.451823 0.257812 0.459635 0.256836 0.460938 0.256836 0.470052 0.255859 0.471354 0.255859 0.483073 0.256836 0.484375 0.256836 0.494792 0.257812 0.496094 0.257812 0.501302 0.258789 0.502604 0.258789 0.505208 0.259766 0.50651 0.259766 0.509115 0.260742 0.510417 0.260742 0.513021 0.261719 0.514323 0.261719 0.528646 0.260742 0.529948 0.260742 0.532552 0.258789 0.535156 0.258789 0.536458 0.257812 0.53776 0.257812 0.539062 0.255859 0.541667 0.255859 0.542969 0.253906 0.545573 0.253906 0.546875 0.25293 0.548177 0.25293 0.549479 0.251953 0.550781 0.251953 0.552083 0.250977 0.553385 0.250977 0.558594 0.220703 0.558594 0.220703 0.416667 0.223633 0.416667 0.225586 0.414062 0.225586 0.41276 0.226562 0.411458 0.226562 0.408854 0.227539 0.407552 0.227539 0.404948 0.228516 0.403646 0.228516 0.39974 0.229492 0.398438 0.229492 0.391927 0.230469 0.390625 0.230469 0.389323 0.231445 0.388021 0.231445 0.386719 0.232422 0.385417 0.232422 0.384115 0.233398 0.382812 0.233398 0.38151 0.234375 0.380208 0.234375 0.378906 0.235352 0.377604 0.235352 0.376302 0.236328 0.375 0.236328 0.372396 0.237305 0.371094 0.237305 0.36849 0.238281 0.367188 0.238281 0.365885 0.239258 0.364583 0.239258 0.361979 0.240234 0.360677 0.240234 0.359375 0.242188 0.356771 0.242188 0.355469 0.243164 0.354167 0.243164 0.351562 0.244141 0.35026 0.244141 0.347656 0.245117 0.346354 0.245117 0.33724 0.246094 0.335938 0.246094 0.328125 0.24707 0.326823 0.24707 0.321615 0.248047 0.320312 0.248047 0.317708 0.249023 0.316406 0.249023 0.313802 0.25 0.3125 0.25 0.309896 0.250977 0.308594 0.250977 0.30599 0.251953 0.304688 0.251953 0.299479 0.25293 0.298177 0.25293 0.296875 0.253906 0.295573 0.253906 0.291667 0.254883 0.290365 0.254883 0.286458 0.255859 0.285156 0.255859 0.282552 0.256836 0.28125 0.256836 0.279948 0.257812 0.278646 0.257812 0.277344 0.258789 0.276042 0.258789 0.273438 0.259766 0.272135 0.259766 0.269531 0.260742 0.268229 0.260742 0.266927 0.261719 0.265625 0.261719 0.263021 0.262695 0.261719 0.262695 0.259115 0.263672 0.257812 0.263672 0.25651 0.265625 0.253906 0.265625 0.252604 0.266602 0.251302 0.266602 0.25 0.267578 0.248698 0.267578 0.247396 0.270508 0.24349 0.270508 0.242188 0.275391 0.235677 0.276367 0.235677 0.279297 0.231771 0.279297 0.230469 0.28125 0.227865 0.28125 0.226562 0.282227 0.22526 0.282227 0.223958 0.283203 0.222656 0.283203 0.221354 0.28418 0.220052 0.285156 0.220052 0.290039 0.213542 0.290039 0.21224 0.291016 0.21224 0.291992 0.210938 0.294922 0.210938 0.294922 0.217448 0.295898 0.21875 0.295898 0.220052 0.296875 0.221354 0.296875 0.223958 0.297852 0.22526 0.297852 0.227865 0.298828 0.229167 0.298828 0.230469 0.299805 0.231771 0.300781 0.231771 0.301758 0.233073 0.302734 0.233073 0.303711 0.231771 0.304688 0.231771 0.305664 0.230469 0.305664 0.229167 0.306641 0.229167 0.306641 0.230469 0.307617 0.231771 0.308594 0.231771 0.30957 0.233073 0.317383 0.233073 0.320312 0.229167 0.320312 0.226562 0.322266 0.223958 0.324219 0.223958 0.325195 0.222656 0.326172 0.222656 0.327148 0.221354 0.327148 0.220052 0.330078 0.216146 0.330078 0.214844 0.332031 0.21224 0.333008 0.21224 0.334961 0.209635 0.334961 0.207031 0.335938 0.205729 0.335938 0.204427 0.336914 0.203125 0.302734 0.199219 0.303711 0.200521 0.305664 0.200521 0.306641 0.199219 0.306641 0.195312 0.307617 0.19401 0.307617 0.192708 0.311523 0.1875 0.311523 0.186198 0.31543 0.18099 0.316406 0.18099 0.317383 0.179688 0.318359 0.179688 0.319336 0.178385 0.318359 0.177083 0.318359 0.175781 0.317383 0.174479 0.313477 0.174479 0.3125 0.175781 0.310547 0.175781 0.308594 0.178385 0.307617 0.178385 0.305664 0.18099 0.305664 0.182292 0.304688 0.183594 0.304688 0.1875 0.303711 0.188802 0.303711 0.192708 0.304688 0.19401 0.304688 0.195312 0.303711 0.196615 0.303711 0.197917 0.302734 0.199219 0.336914 0.203125 0.336914 0.201823 0.339844 0.197917 0.339844 0.196615 0.344727 0.196615 0.344727 0.266927 0.341797 0.266927 0.34082 0.265625 0.34082 0.263021 0.338867 0.260417 0.338867 0.259115 0.335938 0.255208 0.335938 0.253906 0.333984 0.251302 0.330078 0.251302 0.328125 0.253906 0.327148 0.253906 0.320312 0.263021 0.319336 0.263021 0.316406 0.266927 0.316406 0.268229 0.31543 0.269531 0.31543 0.270833 0.313477 0.273438 0.313477 0.27474 0.3125 0.276042 0.3125 0.277344 0.308594 0.282552 0.308594 0.285156 0.307617 0.286458 0.307617 0.290365 0.306641 0.291667 0.306641 0.294271 0.305664 0.295573 0.305664 0.296875 0.300781 0.303385 0.299805 0.303385 0.297852 0.30599 0.296875 0.30599 0.295898 0.307292 0.295898 0.308594 0.294922 0.309896 0.294922 0.315104 0.292969 0.317708 0.292969 0.31901 0.291016 0.321615 0.291016 0.324219 0.290039 0.325521
1 0.956055 0.190104 0.956055 0.19401 0.954102 0.196615 0.954102 0.197917 0.953125 0.199219 0.953125 0.203125 0.952148 0.204427 0.952148 0.208333 0.951172 0.209635 0.951172 0.213542 0.950195 0.214844 0.950195 0.217448 0.949219 0.21875 0.949219 0.221354 0.948242 0.222656 0.948242 0.223958 0.947266 0.22526 0.947266 0.227865 0.946289 0.229167 0.946289 0.238281 0.945312 0.239583 0.945312 0.251302 0.944336 0.252604 0.944336 0.257812 0.942383 0.260417 0.939453 0.260417 0.939453 0.317708 0.943359 0.317708 0.947266 0.322917 0.948242 0.322917 0.950195 0.325521 0.950195 0.329427 0.956055 0.329427 0.956055 0.325521 0.957031 0.324219 0.957031 0.322917 0.958008 0.321615 0.958008 0.320312 0.958984 0.31901 0.958984 0.315104 0.959961 0.313802 0.959961 0.311198 0.960938 0.309896 0.960938 0.30599 0.961914 0.304688 0.961914 0.299479 0.962891 0.298177 0.962891 0.295573 0.963867 0.294271 0.963867 0.291667 0.964844 0.290365 0.964844 0.286458 0.96582 0.285156 0.96582 0.282552 0.966797 0.28125 0.966797 0.279948 0.967773 0.278646 0.967773 0.276042 0.96875 0.27474 0.96875 0.272135 0.969727 0.270833 0.969727 0.268229 0.970703 0.266927 0.970703 0.264323 0.97168 0.263021 0.97168 0.260417 0.972656 0.259115 0.972656 0.25651 0.973633 0.255208 0.973633 0.253906 0.974609 0.252604 0.974609 0.25 0.975586 0.248698 0.975586 0.244792 0.976562 0.24349 0.976562 0.239583 0.977539 0.238281 0.977539 0.234375 0.978516 0.233073 0.978516 0.230469 0.979492 0.229167 0.979492 0.22526 0.980469 0.223958 0.980469 0.221354 0.981445 0.220052 0.981445 0.217448 0.982422 0.216146 0.982422 0.213542 0.983398 0.21224 0.983398 0.196615 0.982422 0.195312 0.982422 0.190104
0 0.227539 0 0.227539 0.00130208 0.226562 0.00260417 0.226562 0.00390625 0.225586 0.00520833 0.225586 0.00651042 0.224609 0.0078125 0.224609 0.00911458 0.223633 0.0104167 0.223633 0.0117188 0.220703 0.015625 0.219727 0.015625 0.21582 0.0208333 0.21582 0.0234375 0.214844 0.0247396 0.214844 0.0325521 0.21582 0.0338542 0.21582 0.0377604 0.216797 0.0390625 0.216797 0.0429688 0.217773 0.0442708 0.217773 0.0559896 0.21875 0.0572917 0.21875 0.0690104 0.219727 0.0703125 0.219727 0.0716146 0.220703 0.0729167 0.220703 0.0755208 0.222656 0.078125 0.222656 0.0794271 0.223633 0.0807292 0.223633 0.0820312 0.224609 0.0833333 0.224609 0.0859375 0.226562 0.0885417 0.226562 0.0898438 0.227539 0.0911458 0.227539 0.0924479 0.228516 0.09375 0.228516 0.0950521 0.232422 0.10026 0.233398 0.10026 0.236328 0.104167 0.236328 0.105469 0.237305 0.106771 0.237305 0.108073 0.238281 0.109375 0.238281 0.110677 0.239258 0.111979 0.239258 0.113281 0.244141 0.119792 0.249023 0.119792 0.25 0.11849 0.25293 0.11849 0.253906 0.117188 0.255859 0.117188 0.257812 0.114583 0.258789 0.114583 0.259766 0.113281 0.260742 0.113281 0.263672 0.109375 0.263672 0.108073 0.265625 0.105469 0.265625 0.104167 0.266602 0.102865 0.266602 0.101562 0.267578 0.10026 0.267578 0.0989583 0.268555 0.0976562 0.268555 0.0963542 0.269531 0.0950521 0.269531 0.0924479 0.270508 0.0911458 0.270508 0.0898438 0.271484 0.0885417 0.271484 0.0872396 0.273438 0.0846354 0.273438 0.0833333 0.276367 0.0794271 0.277344 0.0794271 0.27832 0.078125 0.279297 0.078125 0.280273 0.0768229 0.28125 0.0768229 0.282227 0.0755208 0.28418 0.0755208 0.285156 0.0742188 0.287109 0.0742188 0.288086 0.0729167 0.291016 0.0729167 0.291992 0.0716146 0.297852 0.0716146 0.298828 0.0703125 0.304688 0.0703125 0.305664 0.0716146 0.307617 0.0716146 0.308594 0.0729167 0.310547 0.0729167 0.311523 0.0742188 0.3125 0.0742188 0.319336 0.0833333 0.319336 0.0846354 0.321289 0.0872396 0.321289 0.0885417 0.322266 0.0898438 0.322266 0.0911458 0.324219 0.09375 0.324219 0.0950521 0.325195 0.0963542 0.325195 0.0976562 0.326172 0.0989583 0.326172 0.101562 0.328125 0.104167 0.328125 0.106771 0.329102 0.108073 0.329102 0.109375 0.330078 0.110677 0.330078 0.113281 0.331055 0.114583 0.331055 0.115885 0.332031 0.117188 0.332031 0.11849 0.333008 0.119792 0.333008 0.121094 0.334961 0.123698 0.335938 0.123698 0.336914 0.125 0.339844 0.125 0.34082 0.126302 0.341797 0.126302 0.342773 0.127604 0.342773 0.13151 0.365234 0.13151 0.365234 0.127604 0.367188 0.125 0.368164 0.125 0.369141 0.123698 0.369141 0.122396 0.373047 0.117188 0.373047 0.115885 0.375977 0.111979 0.375977 0.109375 0.376953 0.108073 0.376953 0.105469 0.378906 0.102865 0.378906 0.10026 0.380859 0.0976562 0.380859 0.0963542 0.382812 0.09375 0.382812 0.0924479 0.383789 0.0911458 0.383789 0.0898438 0.385742 0.0872396 0.385742 0.0859375 0.394531 0.0742188 0.395508 0.0742188 0.396484 0.0729167 0.397461 0.0729167 0.401367 0.0677083 0.40332 0.0677083 0.404297 0.0664062 0.405273 0.0664062 0.40625 0.0651042 0.407227 0.0651042 0.410156 0.0611979 0.411133 0.0611979 0.417969 0.0520833 0.418945 0.0520833 0.419922 0.0507812 0.422852 0.0507812 0.422852 0.0338542 0.419922 0.0338542 0.418945 0.0351562 0.417969 0.0351562 0.416992 0.0364583 0.416992 0.0377604 0.416016 0.0390625 0.415039 0.0390625 0.414062 0.0377604 0.413086 0.0377604 0.411133 0.0351562 0.410156 0.0351562 0.40918 0.0338542 0.408203 0.0338542 0.40625 0.03125 0.405273 0.03125 0.401367 0.0260417 0.401367 0.0247396 0.400391 0.0247396 0.399414 0.0234375 0.399414 0.0221354 0.395508 0.0169271 0.395508 0.015625 0.387695 0.00520833 0.387695 0.00390625 0.385742 0.00130208 0.385742 0
1 0.1875 0.268229 0.19043 0.272135 0.19043 0.273438 0.191406 0.27474 0.192383 0.27474 0.193359 0.276042 0.203125 0.276042 0.204102 0.27474 0.205078 0.27474 0.206055 0.273438 0.207031 0.273438 0.208008 0.272135 0.209961 0.272135 0.211914 0.269531 0.212891 0.269531 0.214844 0.266927 0.214844 0.265625 0.21582 0.264323 0.21582 0.244792 0.216797 0.24349 0.216797 0.234375 0.217773 0.233073 0.217773 0.221354 0.192383 0.221354 0.192383 0.22526 0.191406 0.226562 0.191406 0.227865 0.19043 0.229167 0.19043 0.230469 0.189453 0.231771 0.189453 0.253906 0.188477 0.255208 0.188477 0.259115 0.1875 0.260417 0.1875 0.268229 0.186523 0.272135 0.185547 0.272135 0.183594 0.269531 0.183594 0.266927 0.182617 0.265625 0.182617 0.264323 0.179688 0.260417 0.179688 0.259115 0.178711 0.257812 0.178711 0.25651 0.177734 0.255208 0.177734 0.253906 0.176758 0.252604 0.176758 0.251302 0.171875 0.244792 0.171875 0.24349 0.167969 0.238281 0.167969 0.236979 0.166016 0.234375 0.166016 0.233073 0.161133 0.226562 0.161133 0.221354 0.146484 0.221354 0.146484 0.246094 0.149414 0.246094 0.150391 0.247396 0.150391 0.25 0.151367 0.251302 0.151367 0.25651 0.152344 0.257812 0.152344 0.261719 0.15332 0.263021 0.15332 0.265625 0.154297 0.266927 0.154297 0.269531 0.155273 0.270833 0.155273 0.273438 0.15625 0.27474 0.15625 0.276042 0.157227 0.277344 0.157227 0.278646 0.158203 0.279948 0.158203 0.28125 0.15918 0.282552 0.15918 0.283854 0.161133 0.286458 0.161133 0.28776 0.165039 0.292969 0.165039 0.294271 0.171875 0.303385 0.171875 0.304688 0.173828 0.307292 0.173828 0.308594 0.175781 0.311198 0.175781 0.3125 0.176758 0.313802 0.176758 0.315104 0.177734 0.316406 0.177734 0.317708 0.178711 0.31901 0.178711 0.321615 0.179688 0.322917 0.179688 0.326823 0.178711 0.328125 0.178711 0.332031 0.177734 0.333333 0.177734 0.338542 0.176758 0.339844 0.176758 0.34375 0.175781 0.345052 0.175781 0.348958 0.174805 0.35026 0.174805 0.352865 0.173828 0.354167 0.173828 0.355469 0.172852 0.356771 0.172852 0.358073 0.171875 0.359375 0.171875 0.360677 0.169922 0.363281 0.169922 0.364583 0.168945 0.365885 0.168945 0.367188 0.166992 0.369792 0.166992 0.371094 0.165039 0.373698 0.165039 0.375 0.162109 0.378906 0.162109 0.380208 0.161133 0.38151 0.161133 0.384115 0.160156 0.385417 0.160156 0.390625 0.161133 0.391927 0.161133 0.394531 0.162109 0.395833 0.162109 0.397135 0.163086 0.398438 0.164062 0.398438 0.167969 0.403646 0.169922 0.403646 0.170898 0.404948 0.171875 0.404948 0.172852 0.40625 0.174805 0.40625 0.176758 0.408854 0.177734 0.408854 0.185547 0.419271 0.185547 0.420573 0.186523 0.421875 0.186523 0.423177 0.1875 0.424479 0.1875 0.425781 0.188477 0.427083 0.188477 0.429688 0.19043 0.432292 0.19043 0.433594 0.192383 0.436198 0.192383 0.4375 0.196289 0.442708 0.196289 0.44401 0.197266 0.445312 0.198242 0.445312 0.199219 0.446615 0.199219 0.447917 0.205078 0.455729 0.205078 0.457031 0.207031 0.459635 0.207031 0.460938 0.208008 0.46224 0.208008 0.464844 0.208984 0.466146 0.208984 0.467448 0.209961 0.46875 0.209961 0.470052 0.210938 0.471354 0.210938 0.473958 0.211914 0.47526 0.211914 0.477865 0.212891 0.479167 0.212891 0.481771 0.214844 0.484375 0.214844 0.485677 0.217773 0.489583 0.21875 0.489583 0.219727 0.490885 0.223633 0.490885 0.224609 0.489583 0.227539 0.489583 0.227539 0.401042 0.223633 0.401042 0.222656 0.39974 0.222656 0.398438 0.22168 0.397135 0.22168 0.395833 0.213867 0.385417 0.213867 0.384115 0.212891 0.382812 0.212891 0.38151 0.210938 0.378906 0.210938 0.377604 0.209961 0.376302 0.209961 0.373698 0.208984 0.372396 0.208984 0.371094 0.208008 0.369792 0.208008 0.36849 0.207031 0.367188 0.207031 0.364583 0.206055 0.363281 0.206055 0.360677 0.205078 0.359375 0.205078 0.354167 0.204102 0.352865 0.204102 0.347656 0.203125 0.346354 0.203125 0.342448 0.202148 0.341146 0.202148 0.338542 0.200195 0.335938 0.200195 0.333333 0.199219 0.332031 0.199219 0.324219 0.198242 0.322917 0.198242 0.311198 0.197266 0.309896 0.197266 0.304688 0.196289 0.303385 0.196289 0.300781 0.195312 0.299479 0.195312 0.296875 0.194336 0.295573 0.194336 0.294271 0.193359 0.294271 0.192383 0.292969 0.192383 0.291667 0.191406 0.290365 0.191406 0.286458 0.19043 0.285156 0.19043 0.283854 0.1875 0.279948 0.1875 0.276042 0.186523 0.27474 0.186523 0.272135
0 0.279297 0.00260417 0.279297 0.0729167 0.283203 0.0729167 0.28418 0.0716146 0.287109 0.0716146 0.288086 0.0703125 0.292969 0.0703125 0.293945 0.0690104 0.302734 0.0690104 0.303711 0.0703125 0.305664 0.0703125 0.306641 0.0716146 0.308594 0.0716146 0.30957 0.0729167 0.310547 0.0729167 0.3125 0.0755208 0.313477 0.0755208 0.319336 0.0833333 0.319336 0.0846354 0.321289 0.0872396 0.321289 0.0885417 0.322266 0.0898438 0.322266 0.0911458 0.324219 0.09375 0.324219 0.0950521 0.325195 0.0963542 0.325195 0.0976562 0.326172 0.0989583 0.326172 0.101562 0.328125 0.104167 0.328125 0.105469 0.329102 0.106771 0.329102 0.108073 0.330078 0.109375 0.330078 0.110677 0.331055 0.111979 0.331055 0.113281 0.332031 0.114583 0.332031 0.115885 0.333008 0.117188 0.333008 0.11849 0.335938 0.122396 0.335938 0.126302 0.366211 0.126302 0.366211 0.122396 0.371094 0.115885 0.371094 0.114583 0.37207 0.113281 0.37207 0.111979 0.375 0.108073 0.375 0.106771 0.376953 0.104167 0.376953 0.102865 0.37793 0.101562 0.37793 0.10026 0.380859 0.0963542 0.380859 0.0950521 0.382812 0.0924479 0.382812 0.0911458 0.385742 0.0872396 0.385742 0.0859375 0.388672 0.0820312 0.388672 0.0807292 0.390625 0.078125 0.391602 0.078125 0.395508 0.0729167 0.396484 0.0729167 0.400391 0.0677083 0.402344 0.0677083 0.40332 0.0664062 0.404297 0.0664062 0.405273 0.0651042 0.40625 0.0651042 0.408203 0.0625 0.40918 0.0625 0.411133 0.0598958 0.412109 0.0598958 0.413086 0.0585938 0.413086 0.0572917 0.415039 0.0546875 0.418945 0.0546875 0.418945 0.0455729 0.415039 0.0455729 0.414062 0.0442708 0.414062 0.0429688 0.413086 0.0429688 0.408203 0.0364583 0.407227 0.0364583 0.40625 0.0351562 0.40625 0.0338542 0.405273 0.0325521 0.404297 0.0325521 0.397461 0.0234375 0.397461 0.0221354 0.385742 0.00651042 0.385742 0.00260417
1 0.845703 0.695312 0.845703 0.878906 0.848633 0.878906 0.849609 0.880208 0.849609 0.88151 0.850586 0.882812 0.850586 0.884115 0.851562 0.885417 0.851562 0.886719 0.852539 0.888021 0.852539 0.889323 0.853516 0.890625 0.853516 0.893229 0.854492 0.894531 0.854492 0.898438 0.855469 0.89974 0.855469 0.903646 0.856445 0.904948 0.856445 0.90625 0.857422 0.907552 0.857422 0.910156 0.858398 0.911458 0.858398 0.914062 0.859375 0.915365 0.859375 0.917969 0.860352 0.919271 0.860352 0.920573 0.863281 0.924479 0.863281 0.928385 0.902344 0.928385 0.902344 0.923177 0.904297 0.920573 0.907227 0.920573 0.907227 0.916667 0.904297 0.916667 0.902344 0.914062 0.902344 0.911458 0.901367 0.910156 0.901367 0.907552 0.900391 0.90625 0.900391 0.902344 0.899414 0.901042 0.899414 0.898438 0.898438 0.897135 0.898438 0.894531 0.897461 0.893229 0.897461 0.890625 0.896484 0.889323 0.896484 0.872396 0.897461 0.871094 0.897461 0.833333 0.896484 0.832031 0.896484 0.81901 0.895508 0.817708 0.895508 0.813802 0.894531 0.8125 0.894531 0.809896 0.893555 0.808594 0.893555 0.80599 0.892578 0.804688 0.892578 0.802083 0.891602 0.800781 0.891602 0.796875 0.890625 0.795573 0.890625 0.792969 0.889648 0.791667 0.889648 0.789062 0.888672 0.78776 0.888672 0.786458 0.887695 0.785156 0.887695 0.783854 0.886719 0.782552 0.886719 0.78125 0.885742 0.779948 0.885742 0.778646 0.883789 0.776042 0.883789 0.77474 0.881836 0.772135 0.881836 0.770833 0.880859 0.769531 0.880859 0.768229 0.879883 0.766927 0.879883 0.765625 0.878906 0.764323 0.878906 0.763021 0.87793 0.761719 0.87793 0.760417 0.876953 0.759115 0.876953 0.757812 0.875977 0.75651 0.875977 0.755208 0.875 0.753906 0.875 0.751302 0.874023 0.75 0.874023 0.746094 0.873047 0.744792 0.873047 0.740885 0.87207 0.739583 0.87207 0.736979 0.871094 0.735677 0.871094 0.729167 0.870117 0.727865 0.870117 0.708333 0.869141 0.707031 0.869141 0.695312
