1 0.878906 0.339888 0.878906 0.344101 0.87793 0.345506 0.876953 0.345506 0.875977 0.34691 0.854492 0.34691 0.853516 0.348315 0.850586 0.348315 0.849609 0.349719 0.847656 0.349719 0.84668 0.351124 0.844727 0.351124 0.84375 0.352528 0.84082 0.352528 0.839844 0.353933 0.837891 0.353933 0.836914 0.355337 0.834961 0.355337 0.833984 0.356742 0.832031 0.356742 0.831055 0.358146 0.829102 0.358146 0.828125 0.359551 0.825195 0.359551 0.824219 0.360955 0.823242 0.360955 0.822266 0.36236 0.821289 0.36236 0.820312 0.363764 0.818359 0.363764 0.817383 0.365169 0.814453 0.365169 0.813477 0.366573 0.811523 0.366573 0.810547 0.367978 0.808594 0.367978 0.807617 0.369382 0.805664 0.369382 0.804688 0.370787 0.802734 0.370787 0.801758 0.372191 0.799805 0.372191 0.798828 0.373596 0.797852 0.373596 0.796875 0.375 0.795898 0.375 0.794922 0.376404 0.793945 0.376404 0.791992 0.379213 0.791016 0.379213 0.790039 0.380618 0.788086 0.380618 0.787109 0.382022 0.786133 0.382022 0.785156 0.383427 0.783203 0.383427 0.782227 0.384831 0.780273 0.384831 0.779297 0.386236 0.77832 0.386236 0.777344 0.38764 0.775391 0.38764 0.774414 0.389045 0.772461 0.389045 0.771484 0.390449 0.770508 0.390449 0.769531 0.391854 0.768555 0.391854 0.767578 0.393258 0.763672 0.393258 0.762695 0.394663 0.760742 0.394663 0.759766 0.396067 0.758789 0.396067 0.757812 0.397472 0.756836 0.397472 0.755859 0.398876 0.753906 0.398876 0.75293 0.400281 0.750977 0.400281 0.75 0.401685 0.74707 0.401685 0.745117 0.404494 0.743164 0.404494 0.742188 0.405899 0.739258 0.405899 0.738281 0.407303 0.736328 0.407303 0.734375 0.410112 0.732422 0.410112 0.731445 0.411517 0.729492 0.411517 0.728516 0.412921 0.727539 0.412921 0.726562 0.414326 0.725586 0.414326 0.724609 0.41573 0.722656 0.41573 0.72168 0.417135 0.719727 0.417135 0.71875 0.418539 0.716797 0.418539 0.71582 0.419944 0.714844 0.419944 0.713867 0.421348 0.712891 0.421348 0.711914 0.422753 0.710938 0.422753 0.709961 0.424157 0.708984 0.424157 0.708008 0.425562 0.707031 0.425562 0.706055 0.426966 0.705078 0.426966 0.704102 0.428371 0.702148 0.428371 0.701172 0.429775 0.700195 0.429775 0.698242 0.432584 0.697266 0.432584 0.696289 0.433989 0.695312 0.433989 0.69043 0.441011 0.689453 0.441011 0.688477 0.442416 0.688477 0.44382 0.685547 0.448034 0.681641 0.448034 0.681641 0.488764 0.700195 0.488764 0.701172 0.48736 0.705078 0.48736 0.706055 0.485955 0.708984 0.485955 0.709961 0.484551 0.712891 0.484551 0.713867 0.483146 0.716797 0.483146 0.717773 0.481742 0.719727 0.481742 0.720703 0.480337 0.72168 0.480337 0.723633 0.477528 0.724609 0.477528 0.725586 0.476124 0.726562 0.476124 0.727539 0.474719 0.728516 0.474719 0.729492 0.473315 0.730469 0.473315 0.731445 0.47191 0.733398 0.47191 0.734375 0.470506 0.736328 0.470506 0.737305 0.469101 0.739258 0.469101 0.740234 0.467697 0.741211 0.467697 0.742188 0.466292 0.744141 0.466292 0.745117 0.464888 0.74707 0.464888 0.748047 0.463483 0.75 0.463483 0.750977 0.462079 0.753906 0.462079 0.754883 0.460674 0.757812 0.460674 0.758789 0.45927 0.760742 0.45927 0.761719 0.457865 0.762695 0.457865 0.763672 0.456461 0.765625 0.456461 0.766602 0.455056 0.768555 0.455056 0.769531 0.453652 0.770508 0.453652 0.771484 0.452247 0.772461 0.452247 0.773438 0.450843 0.775391 0.450843 0.776367 0.449438 0.779297 0.449438 0.780273 0.448034 0.782227 0.448034 0.783203 0.446629 0.78418 0.446629 0.785156 0.445225 0.786133 0.445225 0.787109 0.44382 0.789062 0.44382 0.790039 0.442416 0.791992 0.442416 0.792969 0.441011 0.794922 0.441011 0.795898 0.439607 0.799805 0.439607 0.800781 0.438202 0.810547 0.438202 0.811523 0.436798 0.814453 0.436798 0.816406 0.433989 0.817383 0.433989 0.818359 0.432584 0.820312 0.432584 0.821289 0.43118 0.822266 0.43118 0.823242 0.429775 0.824219 0.429775 0.825195 0.428371 0.826172 0.428371 0.827148 0.426966 0.830078 0.426966 0.831055 0.425562 0.833984 0.425562 0.834961 0.424157 0.837891 0.424157 0.838867 0.422753 0.839844 0.422753 0.84082 0.421348 0.841797 0.421348 0.842773 0.419944 0.844727 0.419944 0.845703 0.418539 0.847656 0.418539 0.848633 0.417135 0.849609 0.417135 0.850586 0.41573 0.852539 0.41573 0.853516 0.414326 0.855469 0.414326 0.856445 0.412921 0.859375 0.412921 0.860352 0.411517 0.863281 0.411517 0.864258 0.410112 0.869141 0.410112 0.870117 0.408708 0.873047 0.408708 0.874023 0.407303 0.876953 0.407303 0.87793 0.405899 0.878906 0.405899 0.879883 0.404494 0.880859 0.404494 0.882812 0.401685 0.883789 0.401685 0.885742 0.398876 0.885742 0.397472 0.886719 0.396067 0.886719 0.394663 0.887695 0.393258 0.887695 0.391854 0.892578 0.384831 0.893555 0.384831 0.895508 0.382022 0.896484 0.382022 0.897461 0.380618 0.898438 0.380618 0.899414 0.379213 0.900391 0.379213 0.901367 0.377809 0.90332 0.377809 0.904297 0.376404 0.911133 0.376404 0.912109 0.375 0.913086 0.375 0.914062 0.373596 0.915039 0.373596 0.916992 0.370787 0.917969 0.370787 0.919922 0.367978 0.922852 0.367978 0.922852 0.360955 0.919922 0.360955 0.917969 0.358146 0.916992 0.358146 0.913086 0.352528 0.913086 0.351124 0.911133 0.348315 0.911133 0.34691 0.910156 0.345506 0.910156 0.339888
0 0.789062 0.441011 0.789062 0.445225 0.787109 0.448034 0.786133 0.448034 0.785156 0.449438 0.78418 0.449438 0.783203 0.450843 0.782227 0.450843 0.78125 0.452247 0.780273 0.452247 0.779297 0.453652 0.777344 0.453652 0.776367 0.455056 0.775391 0.455056 0.774414 0.456461 0.772461 0.456461 0.771484 0.457865 0.769531 0.457865 0.768555 0.45927 0.764648 0.45927 0.763672 0.460674 0.759766 0.460674 0.758789 0.462079 0.756836 0.462079 0.755859 0.463483 0.753906 0.463483 0.75293 0.464888 0.750977 0.464888 0.75 0.466292 0.746094 0.466292 0.745117 0.467697 0.742188 0.467697 0.741211 0.469101 0.739258 0.469101 0.738281 0.470506 0.736328 0.470506 0.735352 0.47191 0.733398 0.47191 0.732422 0.473315 0.731445 0.473315 0.729492 0.476124 0.728516 0.476124 0.727539 0.477528 0.726562 0.477528 0.725586 0.478933 0.724609 0.478933 0.723633 0.480337 0.722656 0.480337 0.72168 0.481742 0.719727 0.481742 0.71875 0.483146 0.716797 0.483146 0.71582 0.484551 0.713867 0.484551 0.712891 0.485955 0.710938 0.485955 0.709961 0.48736 0.708008 0.48736 0.707031 0.488764 0.703125 0.488764 0.702148 0.490169 0.692383 0.490169 0.691406 0.491573 0.683594 0.491573 0.682617 0.492978 0.679688 0.492978 0.678711 0.494382 0.676758 0.494382 0.674805 0.497191 0.673828 0.497191 0.671875 0.5 0.670898 0.5 0.668945 0.502809 0.667969 0.502809 0.666016 0.505618 0.665039 0.505618 0.664062 0.507023 0.663086 0.507023 0.662109 0.508427 0.661133 0.508427 0.658203 0.51264 0.657227 0.51264 0.65625 0.514045 0.655273 0.514045 0.65332 0.516854 0.652344 0.516854 0.651367 0.518258 0.650391 0.518258 0.647461 0.522472 0.646484 0.522472 0.645508 0.523876 0.644531 0.523876 0.643555 0.525281 0.642578 0.525281 0.641602 0.526685 0.640625 0.526685 0.639648 0.52809 0.638672 0.52809 0.636719 0.530899 0.635742 0.530899 0.632812 0.535112 0.631836 0.535112 0.630859 0.536517 0.629883 0.536517 0.624023 0.544944 0.623047 0.544944 0.619141 0.550562 0.618164 0.550562 0.615234 0.554775 0.611328 0.554775 0.611328 0.616573 0.615234 0.616573 0.616211 0.617977 0.618164 0.617977 0.625 0.627809 0.625977 0.627809 0.630859 0.634831 0.631836 0.634831 0.633789 0.63764 0.634766 0.63764 0.635742 0.639045 0.636719 0.639045 0.637695 0.640449 0.641602 0.640449 0.642578 0.641854 0.651367 0.641854 0.652344 0.643258 0.652344 0.647472 0.662109 0.647472 0.662109 0.643258 0.663086 0.641854 0.665039 0.641854 0.666016 0.640449 0.668945 0.640449 0.669922 0.639045 0.673828 0.639045 0.674805 0.63764 0.677734 0.63764 0.678711 0.636236 0.682617 0.636236 0.683594 0.634831 0.6875 0.634831 0.688477 0.633427 0.691406 0.633427 0.692383 0.632023 0.694336 0.632023 0.695312 0.630618 0.697266 0.630618 0.698242 0.629214 0.700195 0.629214 0.701172 0.627809 0.703125 0.627809 0.704102 0.626405 0.707031 0.626405 0.708008 0.625 0.710938 0.625 0.711914 0.623595 0.71582 0.623595 0.716797 0.622191 0.719727 0.622191 0.720703 0.620786 0.722656 0.620786 0.723633 0.619382 0.724609 0.619382 0.725586 0.617977 0.727539 0.617977 0.728516 0.616573 0.730469 0.616573 0.731445 0.615169 0.733398 0.615169 0.734375 0.613764 0.736328 0.613764 0.737305 0.61236 0.738281 0.61236 0.739258 0.610955 0.741211 0.610955 0.742188 0.609551 0.743164 0.609551 0.744141 0.608146 0.745117 0.608146 0.746094 0.606742 0.748047 0.606742 0.749023 0.605337 0.75 0.605337 0.750977 0.603933 0.751953 0.603933 0.75293 0.602528 0.753906 0.602528 0.754883 0.601124 0.755859 0.601124 0.756836 0.599719 0.757812 0.599719 0.758789 0.598315 0.759766 0.598315 0.760742 0.59691 0.761719 0.59691 0.762695 0.595506 0.763672 0.595506 0.764648 0.594101 0.766602 0.594101 0.767578 0.592697 0.768555 0.592697 0.769531 0.591292 0.770508 0.591292 0.771484 0.589888 0.773438 0.589888 0.774414 0.588483 0.775391 0.588483 0.776367 0.587079 0.77832 0.587079 0.779297 0.585674 0.780273 0.585674 0.78125 0.58427 0.783203 0.58427 0.78418 0.582865 0.785156 0.582865 0.786133 0.581461 0.787109 0.581461 0.788086 0.580056 0.789062 0.580056 0.791016 0.577247 0.791992 0.577247 0.792969 0.575843 0.793945 0.575843 0.794922 0.574438 0.795898 0.574438 0.796875 0.573034 0.797852 0.573034 0.799805 0.570225 0.800781 0.570225 0.802734 0.567416 0.803711 0.567416 0.805664 0.564607 0.806641 0.564607 0.80957 0.560393 0.810547 0.560393 0.818359 0.549157 0.818359 0.547753 0.820312 0.544944 0.820312 0.543539 0.822266 0.54073 0.822266 0.537921 0.824219 0.535112 0.824219 0.532303 0.825195 0.530899 0.825195 0.529494 0.826172 0.52809 0.826172 0.525281 0.827148 0.523876 0.827148 0.522472 0.828125 0.521067 0.828125 0.518258 0.829102 0.516854 0.829102 0.515449 0.830078 0.514045 0.830078 0.51264 0.831055 0.511236 0.831055 0.509831 0.833008 0.507023 0.833008 0.505618 0.836914 0.5 0.837891 0.5 0.84375 0.491573 0.844727 0.491573 0.845703 0.490169 0.848633 0.490169 0.848633 0.467697 0.845703 0.467697 0.842773 0.463483 0.842773 0.462079 0.838867 0.456461 0.837891 0.456461 0.836914 0.455056 0.835938 0.455056 0.834961 0.453652 0.833008 0.453652 0.832031 0.452247 0.830078 0.452247 0.829102 0.450843 0.826172 0.450843 0.825195 0.449438 0.822266 0.449438 0.821289 0.448034 0.819336 0.448034 0.817383 0.445225 0.817383 0.441011
1 0.293945 0.0926966 0.293945 0.113764 0.292969 0.115169 0.292969 0.117978 0.291992 0.119382 0.291992 0.120787 0.291016 0.122191 0.291016 0.123596 0.290039 0.125 0.290039 0.126404 0.289062 0.127809 0.289062 0.130618 0.288086 0.132022 0.288086 0.134831 0.287109 0.136236 0.287109 0.139045 0.286133 0.140449 0.286133 0.141854 0.28418 0.144663 0.28418 0.146067 0.280273 0.151685 0.280273 0.15309 0.277344 0.157303 0.277344 0.158708 0.276367 0.160112 0.276367 0.161517 0.275391 0.162921 0.275391 0.164326 0.273438 0.167135 0.273438 0.168539 0.272461 0.169944 0.272461 0.171348 0.268555 0.176966 0.268555 0.178371 0.266602 0.18118 0.266602 0.182584 0.264648 0.185393 0.264648 0.186798 0.263672 0.188202 0.263672 0.189607 0.262695 0.191011 0.262695 0.192416 0.261719 0.19382 0.261719 0.195225 0.258789 0.199438 0.258789 0.200843 0.251953 0.210674 0.251953 0.212079 0.249023 0.216292 0.249023 0.217697 0.248047 0.219101 0.248047 0.220506 0.246094 0.223315 0.246094 0.224719 0.244141 0.227528 0.244141 0.228933 0.243164 0.230337 0.243164 0.231742 0.242188 0.233146 0.242188 0.234551 0.241211 0.235955 0.241211 0.23736 0.240234 0.238764 0.240234 0.240169 0.239258 0.241573 0.239258 0.244382 0.238281 0.245787 0.238281 0.248596 0.237305 0.25 0.237305 0.251404 0.236328 0.252809 0.236328 0.255618 0.235352 0.257022 0.235352 0.258427 0.234375 0.259831 0.234375 0.261236 0.233398 0.26264 0.233398 0.265449 0.232422 0.266854 0.232422 0.268258 0.231445 0.269663 0.231445 0.272472 0.230469 0.273876 0.230469 0.276685 0.229492 0.27809 0.229492 0.282303 0.228516 0.283708 0.228516 0.286517 0.227539 0.287921 0.227539 0.29073 0.226562 0.292135 0.226562 0.293539 0.225586 0.294944 0.225586 0.299157 0.224609 0.300562 0.224609 0.303371 0.223633 0.304775 0.223633 0.310393 0.222656 0.311798 0.222656 0.314607 0.22168 0.316011 0.22168 0.31882 0.220703 0.320225 0.220703 0.321629 0.219727 0.323034 0.219727 0.324438 0.21875 0.325843 0.21875 0.327247 0.217773 0.328652 0.217773 0.330056 0.216797 0.331461 0.216797 0.332865 0.21582 0.33427 0.21582 0.337079 0.214844 0.338483 0.214844 0.339888 0.213867 0.341292 0.213867 0.344101 0.211914 0.34691 0.208984 0.34691 0.208984 0.405899 0.211914 0.405899 0.212891 0.407303 0.212891 0.408708 0.213867 0.410112 0.213867 0.411517 0.21875 0.418539 0.21875 0.422753 0.223633 0.422753 0.223633 0.418539 0.227539 0.412921 0.228516 0.412921 0.228516 0.411517 0.230469 0.408708 0.230469 0.407303 0.231445 0.405899 0.231445 0.404494 0.232422 0.40309 0.232422 0.401685 0.233398 0.400281 0.233398 0.397472 0.234375 0.396067 0.234375 0.394663 0.235352 0.393258 0.235352 0.391854 0.236328 0.390449 0.236328 0.389045 0.237305 0.38764 0.237305 0.384831 0.238281 0.383427 0.238281 0.382022 0.239258 0.380618 0.239258 0.377809 0.240234 0.376404 0.240234 0.373596 0.241211 0.372191 0.241211 0.369382 0.242188 0.367978 0.242188 0.365169 0.243164 0.363764 0.243164 0.359551 0.244141 0.358146 0.244141 0.353933 0.245117 0.352528 0.245117 0.349719 0.246094 0.348315 0.246094 0.344101 0.24707 0.342697 0.24707 0.339888 0.248047 0.338483 0.248047 0.335674 0.249023 0.33427 0.249023 0.330056 0.25 0.328652 0.25 0.325843 0.250977 0.324438 0.250977 0.320225 0.251953 0.31882 0.251953 0.314607 0.25293 0.313202 0.25293 0.310393 0.253906 0.308989 0.253906 0.30618 0.254883 0.304775 0.254883 0.301966 0.255859 0.300562 0.255859 0.299157 0.256836 0.297753 0.256836 0.294944 0.257812 0.293539 0.257812 0.29073 0.258789 0.289326 0.258789 0.286517 0.259766 0.285112 0.259766 0.283708 0.260742 0.282303 0.260742 0.279494 0.261719 0.27809 0.261719 0.275281 0.263672 0.272472 0.263672 0.271067 0.264648 0.269663 0.264648 0.268258 0.265625 0.266854 0.265625 0.264045 0.266602 0.26264 0.266602 0.261236 0.267578 0.259831 0.267578 0.258427 0.268555 0.257022 0.268555 0.254213 0.269531 0.252809 0.269531 0.251404 0.270508 0.25 0.270508 0.248596 0.271484 0.247191 0.271484 0.245787 0.273438 0.242978 0.273438 0.241573 0.277344 0.235955 0.277344 0.234551 0.280273 0.230337 0.280273 0.228933 0.283203 0.224719 0.283203 0.223315 0.286133 0.219101 0.286133 0.217697 0.289062 0.213483 0.289062 0.212079 0.293945 0.205056 0.293945 0.203652 0.300781 0.19382 0.300781 0.192416 0.302734 0.189607 0.302734 0.188202 0.305664 0.183989 0.305664 0.182584 0.308594 0.178371 0.308594 0.176966 0.31543 0.167135 0.31543 0.16573 0.317383 0.162921 0.317383 0.161517 0.319336 0.158708 0.319336 0.157303 0.320312 0.155899 0.320312 0.15309 0.321289 0.151685 0.321289 0.148876 0.322266 0.147472 0.322266 0.146067 0.323242 0.144663 0.323242 0.143258 0.324219 0.141854 0.324219 0.140449 0.325195 0.139045 0.325195 0.13764 0.327148 0.134831 0.327148 0.130618 0.328125 0.129213 0.328125 0.125 0.327148 0.123596 0.327148 0.116573 0.326172 0.115169 0.326172 0.11236 0.325195 0.110955 0.325195 0.109551 0.323242 0.106742 0.323242 0.105337 0.322266 0.103933 0.322266 0.102528 0.320312 0.0997191 0.320312 0.0983146 0.319336 0.0969101 0.319336 0.0926966
1 0.694336 0.289326 0.694336 0.294944 0.691406 0.299157 0.69043 0.299157 0.6875 0.303371 0.686523 0.303371 0.68457 0.30618 0.683594 0.30618 0.676758 0.316011 0.676758 0.317416 0.674805 0.320225 0.674805 0.321629 0.673828 0.323034 0.673828 0.324438 0.672852 0.325843 0.672852 0.328652 0.671875 0.330056 0.671875 0.33427 0.670898 0.335674 0.670898 0.342697 0.669922 0.344101 0.669922 0.348315 0.668945 0.349719 0.668945 0.355337 0.667969 0.356742 0.667969 0.366573 0.666992 0.367978 0.666992 0.375 0.666016 0.376404 0.666016 0.379213 0.665039 0.380618 0.665039 0.383427 0.664062 0.384831 0.664062 0.38764 0.663086 0.389045 0.663086 0.390449 0.662109 0.391854 0.662109 0.393258 0.661133 0.394663 0.661133 0.397472 0.660156 0.398876 0.660156 0.400281 0.65918 0.401685 0.65918 0.404494 0.658203 0.405899 0.658203 0.408708 0.657227 0.410112 0.657227 0.412921 0.65625 0.414326 0.65625 0.417135 0.655273 0.418539 0.655273 0.422753 0.654297 0.424157 0.654297 0.428371 0.65332 0.429775 0.65332 0.435393 0.652344 0.436798 0.652344 0.439607 0.651367 0.441011 0.651367 0.442416 0.650391 0.44382 0.650391 0.445225 0.649414 0.446629 0.649414 0.449438 0.648438 0.450843 0.648438 0.452247 0.647461 0.453652 0.647461 0.455056 0.646484 0.456461 0.646484 0.45927 0.645508 0.460674 0.645508 0.462079 0.644531 0.463483 0.644531 0.466292 0.643555 0.467697 0.643555 0.470506 0.642578 0.47191 0.642578 0.473315 0.641602 0.474719 0.641602 0.477528 0.640625 0.478933 0.640625 0.480337 0.639648 0.481742 0.639648 0.483146 0.637695 0.485955 0.634766 0.485955 0.634766 0.518258 0.638672 0.518258 0.639648 0.519663 0.639648 0.523876 0.643555 0.523876 0.643555 0.519663 0.644531 0.518258 0.645508 0.518258 0.647461 0.515449 0.648438 0.515449 0.649414 0.514045 0.650391 0.514045 0.651367 0.51264 0.652344 0.51264 0.65332 0.511236 0.654297 0.511236 0.65625 0.508427 0.657227 0.508427 0.658203 0.507023 0.65918 0.507023 0.661133 0.504214 0.662109 0.504214 0.663086 0.502809 0.664062 0.502809 0.669922 0.494382 0.669922 0.492978 0.671875 0.490169 0.671875 0.488764 0.672852 0.48736 0.672852 0.485955 0.673828 0.484551 0.673828 0.477528 0.674805 0.476124 0.674805 0.47191 0.675781 0.470506 0.675781 0.467697 0.676758 0.466292 0.676758 0.464888 0.677734 0.463483 0.677734 0.460674 0.679688 0.457865 0.679688 0.455056 0.680664 0.453652 0.680664 0.452247 0.681641 0.450843 0.681641 0.449438 0.682617 0.448034 0.682617 0.446629 0.683594 0.445225 0.683594 0.44382 0.68457 0.442416 0.68457 0.441011 0.686523 0.438202 0.686523 0.436798 0.688477 0.433989 0.688477 0.432584 0.689453 0.43118 0.689453 0.429775 0.69043 0.428371 0.69043 0.426966 0.691406 0.425562 0.691406 0.422753 0.692383 0.421348 0.692383 0.418539 0.693359 0.417135 0.693359 0.41573 0.694336 0.414326 0.694336 0.411517 0.695312 0.410112 0.695312 0.408708 0.696289 0.407303 0.696289 0.405899 0.698242 0.40309 0.698242 0.401685 0.699219 0.400281 0.699219 0.398876 0.700195 0.397472 0.700195 0.396067 0.701172 0.394663 0.701172 0.390449 0.702148 0.389045 0.702148 0.372191 0.703125 0.370787 0.703125 0.36236 0.704102 0.360955 0.704102 0.355337 0.705078 0.353933 0.705078 0.349719 0.706055 0.348315 0.706055 0.344101 0.707031 0.342697 0.707031 0.337079 0.708008 0.335674 0.708008 0.323034 0.708984 0.321629 0.708984 0.308989 0.709961 0.307584 0.709961 0.296348 0.710938 0.294944 0.710938 0.289326
1 0.645508 0.328652 0.645508 0.33427 0.644531 0.335674 0.643555 0.335674 0.640625 0.339888 0.639648 0.339888 0.638672 0.341292 0.638672 0.342697 0.635742 0.34691 0.634766 0.34691 0.625 0.360955 0.625 0.36236 0.624023 0.363764 0.623047 0.363764 0.621094 0.366573 0.621094 0.367978 0.620117 0.369382 0.619141 0.369382 0.610352 0.382022 0.609375 0.382022 0.605469 0.38764 0.604492 0.38764 0.601562 0.391854 0.600586 0.391854 0.597656 0.396067 0.59668 0.396067 0.59375 0.400281 0.592773 0.400281 0.586914 0.408708 0.585938 0.408708 0.578125 0.419944 0.577148 0.419944 0.575195 0.422753 0.574219 0.422753 0.572266 0.425562 0.571289 0.425562 0.569336 0.428371 0.568359 0.428371 0.56543 0.432584 0.564453 0.432584 0.557617 0.442416 0.556641 0.442416 0.554688 0.445225 0.553711 0.445225 0.551758 0.448034 0.550781 0.448034 0.548828 0.450843 0.547852 0.450843 0.544922 0.455056 0.543945 0.455056 0.541992 0.457865 0.541016 0.457865 0.538086 0.462079 0.537109 0.462079 0.535156 0.464888 0.53418 0.464888 0.533203 0.466292 0.529297 0.466292 0.529297 0.515449 0.532227 0.515449 0.533203 0.516854 0.53418 0.516854 0.535156 0.518258 0.535156 0.523876 0.539062 0.523876 0.539062 0.519663 0.540039 0.518258 0.545898 0.518258 0.546875 0.516854 0.551758 0.516854 0.552734 0.515449 0.554688 0.515449 0.555664 0.514045 0.557617 0.514045 0.558594 0.51264 0.560547 0.51264 0.561523 0.511236 0.5625 0.511236 0.563477 0.509831 0.564453 0.509831 0.56543 0.508427 0.566406 0.508427 0.567383 0.507023 0.568359 0.507023 0.569336 0.505618 0.570312 0.505618 0.571289 0.504214 0.572266 0.504214 0.577148 0.497191 0.578125 0.497191 0.588867 0.481742 0.589844 0.481742 0.597656 0.470506 0.598633 0.470506 0.605469 0.460674 0.606445 0.460674 0.610352 0.455056 0.611328 0.455056 0.620117 0.442416 0.621094 0.442416 0.630859 0.428371 0.631836 0.428371 0.636719 0.421348 0.637695 0.421348 0.641602 0.41573 0.642578 0.41573 0.643555 0.414326 0.644531 0.414326 0.645508 0.412921 0.649414 0.412921 0.650391 0.411517 0.651367 0.411517 0.651367 0.410112 0.65332 0.407303 0.65332 0.405899 0.654297 0.404494 0.654297 0.401685 0.65625 0.398876 0.65625 0.397472 0.657227 0.396067 0.657227 0.394663 0.658203 0.393258 0.658203 0.391854 0.65918 0.390449 0.65918 0.389045 0.660156 0.38764 0.660156 0.386236 0.661133 0.384831 0.661133 0.383427 0.662109 0.382022 0.662109 0.379213 0.663086 0.377809 0.663086 0.376404 0.664062 0.375 0.664062 0.372191 0.665039 0.370787 0.665039 0.369382 0.666016 0.367978 0.668945 0.367978 0.668945 0.33427 0.666016 0.33427 0.665039 0.332865 0.665039 0.328652
1 0.398438 0.794944 0.398438 0.800562 0.387695 0.816011 0.387695 0.817416 0.382812 0.824438 0.382812 0.825843 0.379883 0.830056 0.379883 0.831461 0.37793 0.83427 0.37793 0.835674 0.375 0.839888 0.375 0.841292 0.37207 0.845506 0.37207 0.84691 0.371094 0.848315 0.371094 0.849719 0.369141 0.852528 0.369141 0.853933 0.367188 0.856742 0.367188 0.858146 0.365234 0.860955 0.365234 0.86236 0.362305 0.866573 0.362305 0.867977 0.361328 0.869382 0.361328 0.870786 0.360352 0.872191 0.360352 0.873595 0.359375 0.875 0.359375 0.876405 0.358398 0.877809 0.358398 0.879214 0.357422 0.880618 0.357422 0.883427 0.356445 0.884831 0.356445 0.886236 0.354492 0.889045 0.354492 0.890449 0.351562 0.894663 0.351562 0.896067 0.347656 0.901685 0.347656 0.90309 0.345703 0.905899 0.345703 0.907303 0.342773 0.911517 0.342773 0.912921 0.341797 0.914326 0.341797 0.91573 0.339844 0.918539 0.339844 0.919944 0.338867 0.921348 0.338867 0.922753 0.337891 0.924157 0.337891 0.925562 0.336914 0.926966 0.336914 0.929775 0.335938 0.93118 0.335938 0.932584 0.334961 0.933989 0.334961 0.936798 0.333984 0.938202 0.333984 0.941011 0.333008 0.942416 0.333008 0.945225 0.332031 0.946629 0.332031 0.948034 0.331055 0.949438 0.331055 0.950843 0.330078 0.952247 0.330078 0.953652 0.329102 0.955056 0.329102 0.956461 0.328125 0.957865 0.328125 0.95927 0.327148 0.960674 0.327148 0.962079 0.323242 0.967697 0.323242 0.969101 0.317383 0.977528 0.314453 0.977528 0.314453 1 0.355469 1 0.355469 1 0.356445 1 0.360352 1 0.361328 1 0.363281 1 0.364258 0.998595 0.365234 0.998595 0.366211 0.997191 0.367188 0.997191 0.367188 0.995786 0.368164 0.994382 0.368164 0.992977 0.369141 0.991573 0.369141 0.988764 0.370117 0.98736 0.370117 0.985955 0.37207 0.983146 0.37207 0.981742 0.374023 0.978933 0.374023 0.977528 0.375 0.976124 0.375 0.974719 0.375977 0.973315 0.375977 0.97191 0.376953 0.970506 0.376953 0.969101 0.37793 0.967697 0.37793 0.966292 0.378906 0.964888 0.378906 0.963483 0.380859 0.960674 0.380859 0.95927 0.381836 0.957865 0.381836 0.956461 0.383789 0.953652 0.383789 0.952247 0.385742 0.949438 0.385742 0.948034 0.386719 0.946629 0.386719 0.945225 0.388672 0.942416 0.388672 0.941011 0.389648 0.939607 0.389648 0.938202 0.390625 0.936798 0.390625 0.935393 0.391602 0.933989 0.391602 0.932584 0.392578 0.93118 0.392578 0.929775 0.393555 0.928371 0.393555 0.926966 0.395508 0.924157 0.395508 0.922753 0.396484 0.921348 0.396484 0.919944 0.398438 0.917135 0.398438 0.91573 0.399414 0.914326 0.399414 0.912921 0.400391 0.911517 0.400391 0.910112 0.402344 0.907303 0.402344 0.905899 0.404297 0.90309 0.404297 0.901685 0.40625 0.898876 0.40625 0.897472 0.407227 0.896067 0.407227 0.894663 0.410156 0.890449 0.410156 0.889045 0.411133 0.88764 0.411133 0.886236 0.413086 0.883427 0.413086 0.882023 0.414062 0.880618 0.414062 0.879214 0.416016 0.876405 0.416016 0.875 0.417969 0.872191 0.417969 0.870786 0.418945 0.869382 0.418945 0.867977 0.419922 0.866573 0.419922 0.865169 0.420898 0.863764 0.420898 0.86236 0.421875 0.860955 0.421875 0.858146 0.422852 0.856742 0.422852 0.853933 0.423828 0.852528 0.423828 0.848315 0.424805 0.84691 0.424805 0.842697 0.425781 0.841292 0.425781 0.838483 0.426758 0.837079 0.426758 0.835674 0.427734 0.83427 0.430664 0.83427 0.430664 0.816011 0.426758 0.816011 0.424805 0.813202 0.424805 0.811798 0.422852 0.808989 0.421875 0.808989 0.418945 0.804775 0.418945 0.803371 0.417969 0.801966 0.417969 0.794944
1 0.894531 0.339888 0.893555 0.341292 0.891602 0.341292 0.890625 0.342697 0.885742 0.342697 0.884766 0.344101 0.881836 0.344101 0.880859 0.345506 0.87793 0.345506 0.876953 0.34691 0.856445 0.34691 0.855469 0.348315 0.852539 0.348315 0.851562 0.349719 0.849609 0.349719 0.848633 0.351124 0.84668 0.351124 0.845703 0.352528 0.84375 0.352528 0.842773 0.353933 0.839844 0.353933 0.838867 0.355337 0.836914 0.355337 0.835938 0.356742 0.833984 0.356742 0.833008 0.358146 0.832031 0.358146 0.831055 0.359551 0.828125 0.359551 0.827148 0.360955 0.825195 0.360955 0.824219 0.36236 0.824219 0.366573 0.915039 0.366573 0.915039 0.349719 0.912109 0.349719 0.910156 0.34691 0.910156 0.345506 0.90918 0.344101 0.90918 0.342697 0.908203 0.341292 0.908203 0.338483 0.907227 0.337079 0.901367 0.337079 0.900391 0.338483 0.897461 0.338483 0.896484 0.339888 0.894531 0.339888 0.885742 0.301966 0.886719 0.300562 0.887695 0.300562 0.888672 0.299157 0.888672 0.297753 0.890625 0.294944 0.890625 0.293539 0.891602 0.292135 0.891602 0.29073 0.892578 0.289326 0.892578 0.287921 0.893555 0.286517 0.893555 0.285112 0.898438 0.27809 0.898438 0.276685 0.900391 0.273876 0.900391 0.272472 0.901367 0.271067 0.901367 0.266854 0.900391 0.265449 0.900391 0.264045 0.899414 0.26264 0.899414 0.261236 0.895508 0.255618 0.895508 0.254213 0.889648 0.245787 0.888672 0.245787 0.886719 0.242978 0.885742 0.242978 0.884766 0.241573 0.883789 0.241573 0.882812 0.240169 0.880859 0.240169 0.879883 0.238764 0.87793 0.238764 0.876953 0.23736 0.873047 0.23736 0.87207 0.235955 0.868164 0.235955 0.867188 0.234551 0.864258 0.234551 0.862305 0.231742 0.862305 0.227528 0.670898 0.227528 0.670898 0.233146 0.669922 0.234551 0.668945 0.234551 0.667969 0.235955 0.666016 0.235955 0.665039 0.23736 0.664062 0.23736 0.663086 0.238764 0.662109 0.238764 0.661133 0.240169 0.660156 0.240169 0.65918 0.241573 0.658203 0.241573 0.657227 0.242978 0.65625 0.242978 0.655273 0.244382 0.654297 0.244382 0.65332 0.245787 0.652344 0.245787 0.650391 0.248596 0.649414 0.248596 0.648438 0.25 0.646484 0.25 0.645508 0.251404 0.643555 0.251404 0.642578 0.252809 0.641602 0.252809 0.640625 0.254213 0.639648 0.254213 0.638672 0.255618 0.636719 0.255618 0.635742 0.257022 0.634766 0.257022 0.633789 0.258427 0.632812 0.258427 0.631836 0.259831 0.630859 0.259831 0.629883 0.261236 0.628906 0.261236 0.626953 0.264045 0.625977 0.264045 0.624023 0.266854 0.623047 0.266854 0.621094 0.269663 0.620117 0.269663 0.619141 0.271067 0.618164 0.271067 0.617188 0.272472 0.616211 0.272472 0.615234 0.273876 0.614258 0.273876 0.612305 0.276685 0.611328 0.276685 0.610352 0.27809 0.609375 0.27809 0.608398 0.279494 0.607422 0.279494 0.606445 0.280899 0.605469 0.280899 0.604492 0.282303 0.603516 0.282303 0.602539 0.283708 0.600586 0.283708 0.599609 0.285112 0.588867 0.285112 0.587891 0.286517 0.582031 0.286517 0.581055 0.287921 0.577148 0.287921 0.576172 0.289326 0.571289 0.289326 0.570312 0.29073 0.566406 0.29073 0.56543 0.292135 0.563477 0.292135 0.5625 0.293539 0.560547 0.293539 0.55957 0.294944 0.557617 0.294944 0.556641 0.296348 0.555664 0.296348 0.554688 0.297753 0.552734 0.297753 0.551758 0.299157 0.550781 0.299157 0.549805 0.300562 0.548828 0.300562 0.547852 0.301966 0.544922 0.301966 0.543945 0.303371 0.541016 0.303371 0.540039 0.304775 0.536133 0.304775 0.535156 0.30618 0.530273 0.30618 0.529297 0.307584 0.527344 0.307584 0.526367 0.308989 0.525391 0.308989 0.522461 0.313202 0.521484 0.313202 0.518555 0.317416 0.517578 0.317416 0.515625 0.320225 0.514648 0.320225 0.513672 0.321629 0.509766 0.321629 0.509766 0.338483 0.513672 0.338483 0.522461 0.351124 0.523438 0.351124 0.525391 0.353933 0.526367 0.353933 0.52832 0.356742 0.530273 0.356742 0.53125 0.358146 0.53418 0.358146 0.535156 0.359551 0.569336 0.359551 0.570312 0.358146 0.574219 0.358146 0.575195 0.356742 0.579102 0.356742 0.580078 0.355337 0.583984 0.355337 0.584961 0.353933 0.588867 0.353933 0.589844 0.352528 0.59375 0.352528 0.594727 0.351124 0.597656 0.351124 0.598633 0.349719 0.600586 0.349719 0.601562 0.348315 0.604492 0.348315 0.605469 0.34691 0.608398 0.34691 0.609375 0.345506 0.612305 0.345506 0.613281 0.344101 0.614258 0.344101 0.615234 0.342697 0.617188 0.342697 0.618164 0.341292 0.620117 0.341292 0.621094 0.339888 0.62207 0.339888 0.623047 0.338483 0.624023 0.338483 0.625 0.337079 0.625977 0.337079 0.626953 0.335674 0.628906 0.335674 0.629883 0.33427 0.631836 0.33427 0.632812 0.332865 0.633789 0.332865 0.634766 0.331461 0.635742 0.331461 0.636719 0.330056 0.637695 0.330056 0.639648 0.327247 0.640625 0.327247 0.641602 0.325843 0.642578 0.325843 0.643555 0.324438 0.644531 0.324438 0.645508 0.323034 0.646484 0.323034 0.647461 0.321629 0.648438 0.321629 0.650391 0.31882 0.651367 0.31882 0.652344 0.317416 0.65332 0.317416 0.655273 0.314607 0.657227 0.314607 0.658203 0.313202 0.65918 0.313202 0.660156 0.311798 0.661133 0.311798 0.662109 0.310393 0.663086 0.310393 0.664062 0.308989 0.665039 0.308989 0.666016 0.307584 0.667969 0.307584 0.668945 0.30618 0.669922 0.30618 0.670898 0.304775 0.671875 0.304775 0.672852 0.303371 0.673828 0.303371 0.674805 0.301966 0.676758 0.301966 0.677734 0.300562 0.679688 0.300562 0.680664 0.299157 0.681641 0.299157 0.682617 0.297753 0.683594 0.297753 0.68457 0.296348 0.686523 0.296348 0.6875 0.294944 0.688477 0.294944 0.689453 0.293539 0.691406 0.293539 0.692383 0.292135 0.694336 0.292135 0.695312 0.29073 0.699219 0.29073 0.700195 0.289326 0.703125 0.289326 0.704102 0.287921 0.707031 0.287921 0.708008 0.286517 0.711914 0.286517 0.712891 0.285112 0.714844 0.285112 0.71582 0.283708 0.72168 0.283708 0.722656 0.282303 0.728516 0.282303 0.729492 0.280899 0.739258 0.280899 0.740234 0.282303 0.750977 0.282303 0.751953 0.283708 0.758789 0.283708 0.759766 0.285112 0.766602 0.285112 0.767578 0.286517 0.771484 0.286517 0.772461 0.287921 0.776367 0.287921 0.777344 0.289326 0.787109 0.289326 0.788086 0.29073 0.795898 0.29073 0.796875 0.292135 0.800781 0.292135 0.801758 0.293539 0.806641 0.293539 0.807617 0.294944 0.831055 0.294944 0.832031 0.296348 0.837891 0.296348 0.838867 0.297753 0.841797 0.297753 0.842773 0.299157 0.845703 0.299157 0.84668 0.300562 0.851562 0.300562 0.852539 0.301966 0.859375 0.301966 0.860352 0.303371 0.87207 0.303371 0.873047 0.301966 0.885742 0.301966
1 0.15332 0.412921 0.15332 0.418539 0.152344 0.419944 0.152344 0.422753 0.146484 0.43118 0.145508 0.43118 0.144531 0.432584 0.142578 0.432584 0.141602 0.433989 0.139648 0.433989 0.138672 0.432584 0.134766 0.432584 0.134766 0.453652 0.137695 0.453652 0.152344 0.474719 0.152344 0.476124 0.15625 0.481742 0.15625 0.483146 0.160156 0.488764 0.160156 0.490169 0.162109 0.492978 0.162109 0.494382 0.166992 0.501405 0.166992 0.502809 0.171875 0.509831 0.171875 0.511236 0.173828 0.514045 0.174805 0.514045 0.178711 0.519663 0.179688 0.519663 0.182617 0.523876 0.183594 0.523876 0.185547 0.526685 0.186523 0.526685 0.188477 0.529494 0.189453 0.529494 0.19043 0.530899 0.191406 0.530899 0.192383 0.532303 0.195312 0.532303 0.196289 0.533708 0.197266 0.532303 0.199219 0.532303 0.200195 0.530899 0.201172 0.530899 0.205078 0.525281 0.206055 0.525281 0.206055 0.523876 0.208984 0.519663 0.211914 0.519663 0.211914 0.505618 0.208984 0.505618 0.207031 0.502809 0.207031 0.501405 0.205078 0.498596 0.205078 0.497191 0.203125 0.494382 0.203125 0.492978 0.197266 0.484551 0.197266 0.483146 0.19043 0.473315 0.19043 0.47191 0.189453 0.470506 0.189453 0.469101 0.188477 0.467697 0.188477 0.466292 0.186523 0.463483 0.186523 0.460674 0.185547 0.45927 0.185547 0.457865 0.18457 0.456461 0.18457 0.453652 0.183594 0.452247 0.183594 0.450843 0.181641 0.448034 0.181641 0.446629 0.180664 0.445225 0.179688 0.445225 0.169922 0.43118 0.169922 0.429775 0.168945 0.428371 0.168945 0.426966 0.167969 0.425562 0.167969 0.424157 0.166992 0.422753 0.166992 0.419944 0.166016 0.418539 0.166016 0.412921
1 0.701172 0.339888 0.701172 0.390449 0.704102 0.390449 0.707031 0.394663 0.708008 0.394663 0.708984 0.396067 0.711914 0.396067 0.712891 0.397472 0.713867 0.397472 0.71582 0.400281 0.716797 0.400281 0.717773 0.401685 0.71875 0.401685 0.719727 0.40309 0.720703 0.40309 0.723633 0.407303 0.723633 0.411517 0.732422 0.411517 0.732422 0.407303 0.734375 0.404494 0.735352 0.404494 0.736328 0.40309 0.739258 0.40309 0.740234 0.401685 0.742188 0.401685 0.743164 0.400281 0.745117 0.400281 0.746094 0.398876 0.74707 0.398876 0.748047 0.397472 0.75 0.397472 0.750977 0.396067 0.751953 0.396067 0.753906 0.393258 0.753906 0.38764 0.749023 0.380618 0.748047 0.380618 0.744141 0.375 0.743164 0.375 0.740234 0.370787 0.739258 0.370787 0.733398 0.36236 0.732422 0.36236 0.728516 0.356742 0.727539 0.356742 0.725586 0.353933 0.724609 0.353933 0.723633 0.352528 0.722656 0.352528 0.72168 0.351124 0.720703 0.351124 0.71582 0.344101 0.71582 0.339888
1 0.750977 0.396067 0.749023 0.396067 0.748047 0.394663 0.734375 0.394663 0.733398 0.393258 0.727539 0.393258 0.726562 0.391854 0.725586 0.391854 0.724609 0.390449 0.724609 0.384831 0.723633 0.383427 0.722656 0.383427 0.71875 0.377809 0.717773 0.377809 0.71582 0.375 0.712891 0.375 0.712891 0.400281 0.750977 0.400281 0.750977 0.396067 0.755859 0.389045 0.757812 0.389045 0.758789 0.38764 0.759766 0.389045 0.761719 0.389045 0.762695 0.390449 0.764648 0.390449 0.765625 0.389045 0.769531 0.389045 0.770508 0.38764 0.771484 0.38764 0.772461 0.386236 0.773438 0.386236 0.774414 0.384831 0.775391 0.384831 0.77832 0.380618 0.779297 0.380618 0.780273 0.379213 0.78125 0.379213 0.782227 0.377809 0.783203 0.377809 0.78418 0.376404 0.785156 0.376404 0.787109 0.373596 0.788086 0.373596 0.789062 0.372191 0.790039 0.372191 0.791016 0.370787 0.792969 0.370787 0.793945 0.369382 0.795898 0.369382 0.796875 0.367978 0.799805 0.367978 0.800781 0.366573 0.804688 0.366573 0.805664 0.365169 0.807617 0.365169 0.808594 0.363764 0.80957 0.363764 0.810547 0.36236 0.814453 0.36236 0.81543 0.360955 0.817383 0.360955 0.818359 0.359551 0.819336 0.359551 0.820312 0.358146 0.823242 0.358146 0.824219 0.356742 0.827148 0.356742 0.828125 0.355337 0.831055 0.355337 0.832031 0.353933 0.833008 0.353933 0.833984 0.352528 0.835938 0.352528 0.836914 0.351124 0.838867 0.351124 0.839844 0.349719 0.84082 0.349719 0.841797 0.348315 0.844727 0.348315 0.845703 0.34691 0.848633 0.34691 0.849609 0.345506 0.852539 0.345506 0.853516 0.344101 0.858398 0.344101 0.859375 0.342697 0.863281 0.342697 0.864258 0.341292 0.866211 0.341292 0.867188 0.339888 0.878906 0.339888 0.879883 0.338483 0.882812 0.338483 0.885742 0.33427 0.885742 0.332865 0.884766 0.331461 0.884766 0.330056 0.882812 0.327247 0.881836 0.327247 0.880859 0.325843 0.879883 0.325843 0.87793 0.323034 0.87793 0.317416 0.878906 0.316011 0.879883 0.316011 0.880859 0.314607 0.881836 0.314607 0.882812 0.313202 0.883789 0.313202 0.885742 0.310393 0.884766 0.308989 0.884766 0.307584 0.883789 0.30618 0.867188 0.30618 0.866211 0.304775 0.849609 0.304775 0.848633 0.303371 0.841797 0.303371 0.84082 0.301966 0.837891 0.301966 0.835938 0.299157 0.835938 0.294944 0.754883 0.294944 0.754883 0.299157 0.755859 0.300562 0.755859 0.30618 0.754883 0.307584 0.753906 0.307584 0.75 0.313202 0.748047 0.313202 0.74707 0.314607 0.746094 0.314607 0.745117 0.316011 0.744141 0.316011 0.743164 0.317416 0.742188 0.317416 0.741211 0.31882 0.739258 0.31882 0.738281 0.320225 0.737305 0.320225 0.736328 0.321629 0.735352 0.321629 0.734375 0.323034 0.733398 0.323034 0.732422 0.324438 0.729492 0.324438 0.728516 0.325843 0.722656 0.325843 0.72168 0.324438 0.720703 0.324438 0.71875 0.321629 0.71875 0.317416 0.719727 0.316011 0.719727 0.314607 0.72168 0.311798 0.72168 0.301966 0.722656 0.300562 0.723633 0.300562 0.723633 0.294944 0.717773 0.294944 0.717773 0.299157 0.716797 0.300562 0.712891 0.300562 0.712891 0.352528 0.716797 0.352528 0.71875 0.349719 0.720703 0.349719 0.72168 0.351124 0.722656 0.351124 0.723633 0.352528 0.724609 0.352528 0.725586 0.353933 0.726562 0.353933 0.727539 0.355337 0.729492 0.355337 0.730469 0.356742 0.731445 0.356742 0.732422 0.358146 0.733398 0.358146 0.734375 0.359551 0.736328 0.359551 0.739258 0.363764 0.740234 0.363764 0.742188 0.366573 0.743164 0.366573 0.744141 0.367978 0.744141 0.369382 0.749023 0.376404 0.750977 0.376404 0.756836 0.384831 0.756836 0.38764 0.755859 0.389045
1 0.96582 0.390449 0.96582 0.394663 0.962891 0.398876 0.962891 0.400281 0.961914 0.401685 0.961914 0.404494 0.960938 0.405899 0.960938 0.410112 0.959961 0.411517 0.959961 0.425562 0.958984 0.426966 0.958984 0.455056 0.958008 0.456461 0.958008 0.470506 0.957031 0.47191 0.957031 0.485955 0.956055 0.48736 0.956055 0.492978 0.955078 0.494382 0.955078 0.498596 0.954102 0.5 0.954102 0.504214 0.953125 0.505618 0.953125 0.509831 0.952148 0.511236 0.952148 0.515449 0.951172 0.516854 0.951172 0.523876 0.950195 0.525281 0.950195 0.529494 0.949219 0.530899 0.949219 0.536517 0.948242 0.537921 0.948242 0.546348 0.947266 0.547753 0.947266 0.550562 0.946289 0.551966 0.943359 0.551966 0.943359 0.636236 0.96582 0.636236 0.96582 0.629214 0.966797 0.627809 0.966797 0.626405 0.967773 0.625 0.967773 0.623595 0.96875 0.622191 0.96875 0.620786 0.969727 0.619382 0.969727 0.617977 0.970703 0.616573 0.970703 0.615169 0.97168 0.613764 0.97168 0.61236 0.972656 0.610955 0.972656 0.609551 0.973633 0.608146 0.973633 0.606742 0.974609 0.605337 0.974609 0.603933 0.975586 0.602528 0.975586 0.599719 0.976562 0.598315 0.976562 0.595506 0.977539 0.594101 0.977539 0.588483 0.978516 0.587079 0.978516 0.581461 0.979492 0.580056 0.979492 0.575843 0.980469 0.574438 0.980469 0.573034 0.981445 0.571629 0.981445 0.56882 0.982422 0.567416 0.982422 0.563202 0.983398 0.561798 0.983398 0.557584 0.984375 0.55618 0.984375 0.546348 0.985352 0.544944 0.985352 0.52809 0.986328 0.526685 0.986328 0.509831 0.987305 0.508427 0.987305 0.501405 0.988281 0.5 0.988281 0.494382 0.989258 0.492978 0.989258 0.490169 0.990234 0.488764 0.990234 0.485955 0.991211 0.484551 0.991211 0.481742 0.992188 0.480337 0.992188 0.477528 0.993164 0.476124 0.993164 0.474719 0.994141 0.473315 0.994141 0.47191 0.995117 0.470506 0.995117 0.467697 0.996094 0.466292 0.996094 0.445225 0.995117 0.44382 0.995117 0.439607 0.993164 0.436798 0.993164 0.435393 0.992188 0.433989 0.992188 0.43118 0.991211 0.429775 0.991211 0.424157 0.990234 0.422753 0.990234 0.417135 0.989258 0.41573 0.989258 0.412921 0.988281 0.411517 0.988281 0.408708 0.987305 0.407303 0.987305 0.405899 0.986328 0.404494 0.986328 0.40309 0.985352 0.401685 0.985352 0.400281 0.984375 0.398876 0.984375 0.397472 0.983398 0.396067 0.983398 0.390449
1 0.407227 0.813202 0.407227 0.814607 0.40625 0.816011 0.40625 0.817416 0.407227 0.81882 0.407227 0.820225 0.408203 0.821629 0.408203 0.823034 0.40918 0.824438 0.40918 0.842697 0.407227 0.845506 0.407227 0.84691 0.405273 0.849719 0.404297 0.849719 0.40332 0.851124 0.40332 0.852528 0.400391 0.856742 0.400391 0.859551 0.399414 0.860955 0.399414 0.86236 0.394531 0.869382 0.392578 0.869382 0.391602 0.870786 0.389648 0.870786 0.386719 0.875 0.386719 0.876405 0.384766 0.879214 0.384766 0.880618 0.385742 0.882023 0.385742 0.883427 0.384766 0.884831 0.384766 0.886236 0.379883 0.893258 0.379883 0.894663 0.378906 0.896067 0.378906 0.904494 0.382812 0.910112 0.383789 0.910112 0.384766 0.911517 0.387695 0.911517 0.388672 0.910112 0.388672 0.908708 0.389648 0.907303 0.390625 0.907303 0.392578 0.904494 0.392578 0.90309 0.394531 0.900281 0.394531 0.898876 0.395508 0.897472 0.395508 0.88764 0.396484 0.886236 0.399414 0.886236 0.401367 0.883427 0.402344 0.883427 0.40332 0.882023 0.40332 0.879214 0.404297 0.877809 0.404297 0.869382 0.405273 0.867977 0.405273 0.866573 0.40625 0.865169 0.40625 0.863764 0.407227 0.86236 0.40918 0.86236 0.410156 0.860955 0.411133 0.860955 0.411133 0.858146 0.412109 0.856742 0.412109 0.851124 0.413086 0.849719 0.413086 0.845506 0.416016 0.841292 0.416992 0.841292 0.417969 0.839888 0.418945 0.839888 0.419922 0.838483 0.419922 0.837079 0.420898 0.835674 0.420898 0.832865 0.421875 0.831461 0.421875 0.823034 0.420898 0.821629 0.420898 0.81882 0.419922 0.817416 0.419922 0.816011 0.418945 0.816011 0.417969 0.814607 0.416992 0.814607 0.416016 0.813202 0.414062 0.813202 0.413086 0.811798 0.412109 0.811798 0.411133 0.810393 0.410156 0.811798 0.408203 0.811798 0.407227 0.813202 0.313477 0.685393 0.313477 0.683989 0.314453 0.682584 0.314453 0.68118 0.31543 0.679775 0.31543 0.678371 0.317383 0.675562 0.317383 0.674157 0.318359 0.672753 0.318359 0.671348 0.319336 0.669944 0.319336 0.668539 0.321289 0.66573 0.321289 0.664326 0.322266 0.662921 0.322266 0.661517 0.323242 0.660112 0.323242 0.658708 0.326172 0.654494 0.326172 0.65309 0.330078 0.647472 0.330078 0.646067 0.332031 0.643258 0.332031 0.641854 0.335938 0.636236 0.335938 0.634831 0.337891 0.632023 0.337891 0.630618 0.339844 0.627809 0.339844 0.626405 0.34082 0.625 0.34082 0.623595 0.341797 0.622191 0.341797 0.620786 0.34375 0.617977 0.34375 0.616573 0.344727 0.615169 0.344727 0.613764 0.34668 0.610955 0.34668 0.609551 0.348633 0.606742 0.348633 0.605337 0.351562 0.601124 0.351562 0.599719 0.353516 0.59691 0.353516 0.595506 0.355469 0.592697 0.355469 0.591292 0.356445 0.589888 0.356445 0.588483 0.358398 0.585674 0.358398 0.58427 0.360352 0.581461 0.360352 0.580056 0.361328 0.578652 0.361328 0.577247 0.362305 0.575843 0.362305 0.573034 0.363281 0.571629 0.363281 0.570225 0.364258 0.56882 0.364258 0.567416 0.365234 0.566011 0.365234 0.564607 0.366211 0.563202 0.366211 0.561798 0.367188 0.560393 0.367188 0.558989 0.368164 0.557584 0.368164 0.554775 0.369141 0.553371 0.369141 0.551966 0.370117 0.550562 0.370117 0.549157 0.371094 0.547753 0.371094 0.546348 0.37207 0.544944 0.37207 0.543539 0.37793 0.535112 0.378906 0.535112 0.380859 0.532303 0.381836 0.532303 0.382812 0.530899 0.383789 0.530899 0.384766 0.529494 0.385742 0.529494 0.387695 0.526685 0.388672 0.526685 0.389648 0.525281 0.390625 0.525281 0.391602 0.523876 0.392578 0.523876 0.394531 0.521067 0.395508 0.521067 0.396484 0.519663 0.397461 0.519663 0.400391 0.515449 0.401367 0.515449 0.407227 0.507023 0.408203 0.507023 0.40918 0.505618 0.410156 0.505618 0.411133 0.504214 0.413086 0.504214 0.414062 0.502809 0.415039 0.502809 0.416016 0.501405 0.417969 0.501405 0.418945 0.5 0.421875 0.5 0.422852 0.498596 0.427734 0.498596 0.428711 0.497191 0.44043 0.497191 0.441406 0.498596 0.451172 0.498596 0.452148 0.5 0.454102 0.5 0.455078 0.501405 0.458008 0.501405 0.458984 0.502809 0.462891 0.502809 0.463867 0.501405 0.461914 0.498596 0.461914 0.497191 0.458984 0.492978 0.458984 0.490169 0.458008 0.488764 0.458008 0.48736 0.455078 0.483146 0.455078 0.481742 0.454102 0.481742 0.452148 0.478933 0.452148 0.477528 0.451172 0.476124 0.451172 0.474719 0.450195 0.473315 0.450195 0.464888 0.451172 0.463483 0.451172 0.462079 0.450195 0.460674 0.447266 0.460674 0.446289 0.462079 0.445312 0.462079 0.442383 0.466292 0.441406 0.466292 0.44043 0.467697 0.439453 0.467697 0.438477 0.469101 0.4375 0.469101 0.436523 0.470506 0.428711 0.470506 0.427734 0.47191 0.415039 0.47191 0.414062 0.470506 0.410156 0.470506 0.40918 0.469101 0.408203 0.469101 0.407227 0.467697 0.40625 0.467697 0.405273 0.466292 0.401367 0.466292 0.400391 0.464888 0.391602 0.464888 0.390625 0.466292 0.384766 0.466292 0.383789 0.467697 0.380859 0.467697 0.379883 0.469101 0.378906 0.469101 0.376953 0.47191 0.375977 0.47191 0.374023 0.474719 0.373047 0.474719 0.37207 0.476124 0.37207 0.477528 0.367188 0.484551 0.366211 0.484551 0.353516 0.502809 0.352539 0.502809 0.347656 0.509831 0.34668 0.509831 0.344727 0.51264 0.34375 0.51264 0.341797 0.515449 0.34082 0.515449 0.335938 0.522472 0.334961 0.522472 0.334961 0.523876 0.330078 0.530899 0.330078 0.532303 0.328125 0.535112 0.328125 0.536517 0.327148 0.537921 0.327148 0.539326 0.326172 0.54073 0.326172 0.542135 0.325195 0.543539 0.325195 0.546348 0.324219 0.547753 0.324219 0.550562 0.323242 0.551966 0.323242 0.554775 0.322266 0.55618 0.322266 0.557584 0.321289 0.558989 0.321289 0.560393 0.320312 0.561798 0.320312 0.563202 0.319336 0.564607 0.319336 0.566011 0.318359 0.567416 0.318359 0.570225 0.317383 0.571629 0.317383 0.573034 0.316406 0.574438 0.316406 0.577247 0.31543 0.578652 0.31543 0.580056 0.314453 0.581461 0.314453 0.582865 0.3125 0.585674 0.3125 0.587079 0.311523 0.588483 0.311523 0.589888 0.310547 0.591292 0.310547 0.592697 0.30957 0.594101 0.30957 0.595506 0.307617 0.598315 0.307617 0.599719 0.305664 0.602528 0.305664 0.603933 0.301758 0.609551 0.301758 0.610955 0.298828 0.615169 0.298828 0.616573 0.294922 0.622191 0.294922 0.623595 0.292969 0.626405 0.292969 0.627809 0.290039 0.632023 0.290039 0.633427 0.289062 0.634831 0.289062 0.636236 0.287109 0.639045 0.287109 0.640449 0.285156 0.643258 0.285156 0.644663 0.282227 0.648876 0.282227 0.650281 0.280273 0.65309 0.280273 0.654494 0.27832 0.657303 0.27832 0.658708 0.277344 0.660112 0.277344 0.661517 0.274414 0.66573 0.274414 0.667135 0.271484 0.671348 0.271484 0.672753 0.268555 0.676966 0.268555 0.678371 0.266602 0.68118 0.266602 0.682584 0.263672 0.686798 0.263672 0.688202 0.261719 0.691011 0.261719 0.692416 0.256836 0.699438 0.256836 0.700843 0.248047 0.713483 0.248047 0.714888 0.243164 0.72191 0.243164 0.723315 0.237305 0.731742 0.237305 0.733146 0.229492 0.744382 0.229492 0.745786 0.220703 0.758427 0.219727 0.758427 0.217773 0.761236 0.216797 0.761236 0.213867 0.765449 0.213867 0.766854 0.209961 0.772472 0.208984 0.772472 0.203125 0.780899 0.202148 0.780899 0.197266 0.787921 0.196289 0.787921 0.194336 0.79073 0.193359 0.79073 0.191406 0.793539 0.19043 0.793539 0.189453 0.794944 0.188477 0.794944 0.186523 0.797753 0.18457 0.797753 0.183594 0.799157 0.181641 0.799157 0.180664 0.800562 0.179688 0.800562 0.178711 0.801966 0.177734 0.801966 0.176758 0.803371 0.175781 0.803371 0.174805 0.804775 0.172852 0.804775 0.171875 0.80618 0.169922 0.80618 0.168945 0.807584 0.166992 0.807584 0.166016 0.808989 0.160156 0.808989 0.15918 0.810393 0.148438 0.810393 0.147461 0.811798 0.142578 0.811798 0.141602 0.813202 0.136719 0.813202 0.135742 0.814607 0.125977 0.814607 0.125 0.816011 0.107422 0.816011 0.106445 0.814607 0.0986328 0.814607 0.0976562 0.816011 0.0888672 0.816011 0.0878906 0.817416 0.0859375 0.817416 0.0849609 0.81882 0.0839844 0.81882 0.0830078 0.820225 0.0810547 0.820225 0.0800781 0.821629 0.0771484 0.821629 0.0761719 0.823034 0.0732422 0.823034 0.0722656 0.824438 0.0712891 0.824438 0.0693359 0.827247 0.0673828 0.827247 0.0664062 0.828652 0.0654297 0.828652 0.0634766 0.831461 0.0625 0.831461 0.0615234 0.832865 0.0585938 0.832865 0.0576172 0.83427 0.0556641 0.83427 0.0537109 0.837079 0.0527344 0.837079 0.0517578 0.838483 0.0507812 0.838483 0.0498047 0.839888 0.0488281 0.839888 0.0458984 0.844101 0.0439453 0.844101 0.0429688 0.845506 0.0410156 0.845506 0.0380859 0.849719 0.0361328 0.849719 0.0351562 0.851124 0.0322266 0.851124 0.03125 0.852528 0.0302734 0.852528 0.0292969 0.853933 0.0283203 0.853933 0.0273438 0.855337 0.0253906 0.855337 0.0224609 0.859551 0.0214844 0.859551 0.0205078 0.860955 0.0195312 0.860955 0.0175781 0.863764 0.0166016 0.863764 0.0146484 0.866573 0.0136719 0.866573 0.00976562 0.872191 0.00878906 0.872191 0.00585938 0.876405 0.00488281 0.876405 0.00195312 0.880618 0 0.880618 0 0.964888 0.00195312 0.964888 0.00390625 0.962079 0.00488281 0.962079 0.00585938 0.960674 0.00585938 0.95927 0.00683594 0.957865 0.00683594 0.956461 0.00878906 0.953652 0.00878906 0.952247 0.0107422 0.949438 0.0107422 0.948034 0.0146484 0.942416 0.015625 0.942416 0.0205078 0.935393 0.0214844 0.935393 0.0292969 0.924157 0.0302734 0.924157 0.0341797 0.918539 0.0351562 0.918539 0.0380859 0.914326 0.0390625 0.914326 0.0400391 0.912921 0.0410156 0.912921 0.0449219 0.907303 0.0458984 0.907303 0.0498047 0.901685 0.0507812 0.901685 0.0556641 0.894663 0.0566406 0.894663 0.0576172 0.893258 0.0585938 0.893258 0.0595703 0.891854 0.0625 0.891854 0.0634766 0.890449 0.0654297 0.890449 0.0664062 0.889045 0.0683594 0.889045 0.0693359 0.88764 0.0712891 0.88764 0.0722656 0.886236 0.0751953 0.886236 0.0761719 0.884831 0.0800781 0.884831 0.0810547 0.883427 0.0830078 0.883427 0.0839844 0.882023 0.0869141 0.882023 0.0878906 0.880618 0.0908203 0.880618 0.0917969 0.879214 0.0947266 0.879214 0.0957031 0.877809 0.0976562 0.877809 0.0986328 0.876405 0.103516 0.876405 0.104492 0.875 0.109375 0.875 0.110352 0.873595 0.114258 0.873595 0.115234 0.872191 0.120117 0.872191 0.121094 0.870786 0.138672 0.870786 0.139648 0.869382 0.147461 0.869382 0.148438 0.867977 0.157227 0.867977 0.158203 0.866573 0.164062 0.866573 0.165039 0.865169 0.167969 0.865169 0.168945 0.863764 0.169922 0.863764 0.170898 0.86236 0.172852 0.86236 0.173828 0.860955 0.174805 0.860955 0.175781 0.859551 0.176758 0.859551 0.177734 0.858146 0.178711 0.858146 0.179688 0.856742 0.180664 0.856742 0.181641 0.855337 0.183594 0.855337 0.18457 0.853933 0.188477 0.853933 0.189453 0.852528 0.191406 0.852528 0.192383 0.851124 0.193359 0.851124 0.194336 0.849719 0.195312 0.849719 0.196289 0.848315 0.197266 0.848315 0.198242 0.84691 0.199219 0.84691 0.200195 0.845506 0.201172 0.845506 0.203125 0.842697 0.204102 0.842697 0.206055 0.839888 0.207031 0.839888 0.212891 0.831461 0.212891 0.830056 0.214844 0.827247 0.214844 0.825843 0.216797 0.823034 0.216797 0.821629 0.217773 0.820225 0.217773 0.81882 0.219727 0.816011 0.219727 0.814607 0.22168 0.811798 0.22168 0.810393 0.222656 0.808989 0.222656 0.807584 0.223633 0.80618 0.223633 0.804775 0.224609 0.803371 0.224609 0.801966 0.226562 0.799157 0.226562 0.797753 0.232422 0.789326 0.233398 0.789326 0.234375 0.787921 0.235352 0.787921 0.241211 0.779494 0.241211 0.77809 0.243164 0.775281 0.244141 0.775281 0.24707 0.771067 0.248047 0.771067 0.25293 0.764045 0.253906 0.764045 0.255859 0.761236 0.256836 0.761236 0.258789 0.758427 0.259766 0.758427 0.260742 0.757023 0.261719 0.757023 0.262695 0.755618 0.263672 0.755618 0.264648 0.754214 0.265625 0.754214 0.266602 0.752809 0.267578 0.752809 0.269531 0.75 0.270508 0.75 0.274414 0.744382 0.275391 0.744382 0.28125 0.735955 0.282227 0.735955 0.288086 0.727528 0.288086 0.726124 0.294922 0.716292 0.294922 0.714888 0.297852 0.710674 0.297852 0.70927 0.301758 0.703652 0.301758 0.702247 0.313477 0.685393
1 0.613281 0.918539 0.613281 0.922753 0.610352 0.926966 0.609375 0.926966 0.607422 0.929775 0.603516 0.929775 0.603516 0.952247 0.606445 0.952247 0.608398 0.955056 0.608398 0.956461 0.610352 0.95927 0.610352 0.960674 0.611328 0.962079 0.611328 0.966292 0.612305 0.967697 0.612305 0.969101 0.611328 0.970506 0.611328 0.991573 0.612305 0.992977 0.612305 0.994382 0.614258 0.997191 0.615234 0.997191 0.616211 0.998595 0.617188 0.998595 0.618164 1 0.631836 1 0.632812 1 0.639648 1 0.640625 1 0.640625 1 0.661133 1 0.661133 1 0.662109 1 0.666016 1 0.666992 1 0.670898 1 0.671875 0.998595 0.676758 0.998595 0.676758 0.994382 0.673828 0.994382 0.667969 0.985955 0.667969 0.984551 0.665039 0.980337 0.665039 0.978933 0.663086 0.976124 0.663086 0.974719 0.662109 0.973315 0.662109 0.97191 0.660156 0.969101 0.660156 0.966292 0.65918 0.964888 0.65918 0.963483 0.657227 0.960674 0.657227 0.95927 0.65625 0.957865 0.65625 0.956461 0.655273 0.955056 0.655273 0.953652 0.654297 0.952247 0.654297 0.950843 0.65332 0.949438 0.65332 0.948034 0.652344 0.946629 0.652344 0.945225 0.649414 0.941011 0.649414 0.939607 0.645508 0.933989 0.645508 0.932584 0.640625 0.925562 0.639648 0.925562 0.638672 0.924157 0.638672 0.918539
1 0.326172 0.327247 0.326172 0.327247 0.333008 0.313202 0.333984 0.314607 0.333984 0.31882 0.333008 0.320225 0.348633 0.269663 0.348633 0.280899 0.344727 0.280899 0.344727 0.273876 0.34375 0.272472 0.344727 0.26264 0.348633 0.26264 0.348633 0.200843 0.344727 0.200843 0.342773 0.203652 0.342773 0.205056 0.341797 0.206461 0.341797 0.207865 0.337891 0.213483 0.337891 0.216292 0.336914 0.217697 0.336914 0.219101 0.335938 0.220506 0.335938 0.22191 0.333984 0.224719 0.333984 0.226124 0.331055 0.230337 0.331055 0.231742 0.327148 0.23736 0.327148 0.238764 0.325195 0.241573 0.322266 0.241573 0.318359 0.247191 0.314453 0.247191 0.313477 0.245787 0.30957 0.245787 0.307617 0.242978 0.307617 0.23736 0.306641 0.235955 0.306641 0.230337 0.307617 0.228933 0.307617 0.223315 0.308594 0.22191 0.308594 0.214888 0.30957 0.213483 0.30957 0.210674 0.310547 0.20927 0.310547 0.207865 0.311523 0.206461 0.311523 0.205056 0.3125 0.203652 0.3125 0.202247 0.313477 0.200843 0.313477 0.199438 0.314453 0.198034 0.314453 0.196629 0.31543 0.195225 0.31543 0.19382 0.318359 0.189607 0.320312 0.189607 0.321289 0.188202 0.322266 0.188202 0.326172 0.182584 0.328125 0.182584 0.329102 0.183989 0.330078 0.182584 0.329102 0.18118 0.326172 0.18118 0.323242 0.176966 0.321289 0.176966 0.318359 0.18118 0.317383 0.18118 0.317383 0.182584 0.314453 0.186798 0.313477 0.186798 0.310547 0.191011 0.30957 0.191011 0.304688 0.198034 0.304688 0.199438 0.303711 0.200843 0.303711 0.202247 0.302734 0.203652 0.302734 0.205056 0.301758 0.206461 0.301758 0.207865 0.298828 0.212079 0.298828 0.213483 0.296875 0.216292 0.295898 0.216292 0.291992 0.22191 0.291016 0.22191 0.290039 0.223315 0.290039 0.224719 0.287109 0.228933 0.287109 0.230337 0.277344 0.244382 0.277344 0.245787 0.275391 0.248596 0.275391 0.25 0.274414 0.251404 0.274414 0.252809 0.273438 0.254213 0.273438 0.255618 0.270508 0.259831 0.270508 0.261236 0.267578 0.265449 0.267578 0.266854 0.266602 0.268258 0.266602 0.269663 0.265625 0.271067 0.265625 0.272472 0.264648 0.273876 0.264648 0.275281 0.263672 0.276685 0.263672 0.27809 0.262695 0.279494 0.262695 0.282303 0.261719 0.283708 0.261719 0.286517 0.260742 0.287921 0.260742 0.289326 0.259766 0.29073 0.259766 0.293539 0.258789 0.294944 0.258789 0.297753 0.257812 0.299157 0.257812 0.300562 0.256836 0.301966 0.256836 0.303371 0.255859 0.304775 0.255859 0.307584 0.254883 0.308989 0.254883 0.311798 0.253906 0.313202 0.253906 0.317416 0.25293 0.31882 0.25293 0.323034 0.251953 0.324438 0.251953 0.327247 0.250977 0.328652 0.250977 0.332865 0.25 0.33427 0.25 0.337079 0.249023 0.338483 0.249023 0.341292 0.248047 0.342697 0.248047 0.345506 0.24707 0.34691 0.24707 0.351124 0.246094 0.352528 0.246094 0.356742 0.245117 0.358146 0.245117 0.377809 0.243164 0.380618 0.243164 0.382022 0.240234 0.386236 0.240234 0.38764 0.239258 0.389045 0.239258 0.390449 0.238281 0.391854 0.238281 0.393258 0.237305 0.394663 0.237305 0.397472 0.236328 0.398876 0.236328 0.401685 0.235352 0.40309 0.235352 0.405899 0.234375 0.407303 0.234375 0.410112 0.233398 0.411517 0.233398 0.412921 0.232422 0.414326 0.232422 0.41573 0.230469 0.418539 0.230469 0.419944 0.229492 0.421348 0.229492 0.422753 0.228516 0.424157 0.228516 0.426966 0.227539 0.428371 0.227539 0.43118 0.228516 0.432584 0.228516 0.436798 0.227539 0.438202 0.227539 0.44382 0.226562 0.445225 0.226562 0.448034 0.225586 0.449438 0.225586 0.452247 0.223633 0.455056 0.220703 0.455056 0.220703 0.602528 0.250977 0.602528 0.250977 0.598315 0.25293 0.595506 0.25293 0.594101 0.255859 0.589888 0.255859 0.588483 0.258789 0.58427 0.258789 0.582865 0.261719 0.578652 0.261719 0.577247 0.263672 0.574438 0.263672 0.573034 0.265625 0.570225 0.265625 0.560393 0.264648 0.558989 0.264648 0.553371 0.262695 0.550562 0.262695 0.549157 0.261719 0.547753 0.261719 0.544944 0.260742 0.543539 0.260742 0.54073 0.259766 0.539326 0.259766 0.536517 0.258789 0.535112 0.258789 0.52809 0.257812 0.526685 0.257812 0.48736 0.258789 0.485955 0.258789 0.476124 0.259766 0.474719 0.259766 0.470506 0.260742 0.469101 0.260742 0.464888 0.261719 0.463483 0.261719 0.45927 0.262695 0.457865 0.262695 0.455056 0.263672 0.453652 0.263672 0.452247 0.264648 0.450843 0.264648 0.442416 0.265625 0.441011 0.265625 0.43118 0.266602 0.429775 0.266602 0.426966 0.267578 0.425562 0.267578 0.422753 0.268555 0.421348 0.268555 0.419944 0.269531 0.418539 0.269531 0.41573 0.270508 0.414326 0.270508 0.410112 0.271484 0.408708 0.271484 0.405899 0.272461 0.404494 0.272461 0.400281 0.273438 0.398876 0.273438 0.396067 0.274414 0.394663 0.274414 0.393258 0.275391 0.391854 0.275391 0.390449 0.276367 0.389045 0.276367 0.386236 0.277344 0.384831 0.277344 0.380618 0.27832 0.379213 0.27832 0.377809 0.279297 0.376404 0.279297 0.375 0.280273 0.373596 0.280273 0.372191 0.28125 0.370787 0.28125 0.369382 0.282227 0.367978 0.282227 0.366573 0.285156 0.36236 0.285156 0.360955 0.286133 0.359551 0.286133 0.358146 0.287109 0.356742 0.287109 0.352528 0.288086 0.351124 0.288086 0.348315 0.289062 0.34691 0.289062 0.344101 0.290039 0.342697 0.290039 0.339888 0.291016 0.338483 0.291016 0.337079 0.296875 0.328652 0.298828 0.328652 0.300781 0.325843 0.301758 0.325843 0.302734 0.324438 0.302734 0.323034 0.303711 0.321629 0.303711 0.320225 0.304688 0.31882 0.304688 0.317416 0.305664 0.316011 0.305664 0.310393 0.307617 0.307584 0.307617 0.30618 0.308594 0.304775 0.308594 0.297753 0.30957 0.296348 0.30957 0.287921 0.310547 0.286517 0.310547 0.285112 0.311523 0.283708 0.3125 0.283708 0.316406 0.27809 0.317383 0.27809 0.324219 0.268258 0.325195 0.268258 0.326172 0.266854 0.327148 0.266854 0.328125 0.265449 0.331055 0.265449 0.332031 0.264045 0.335938 0.264045 0.336914 0.26264 0.338867 0.26264 0.339844 0.261236 0.34082 0.261236 0.341797 0.259831 0.342773 0.261236 0.34375 0.261236 0.344727 0.26264 0.34375 0.272472 0.344727 0.271067 0.344727 0.269663 0.348633 0.269663 0.333008 0.320225 0.333008 0.323034 0.330078 0.323034 0.329102 0.321629 0.329102 0.316011 0.330078 0.316011 0.333008 0.311798 0.333008 0.313202
1 0.166992 0.744382 0.166992 0.748595 0.165039 0.751405 0.163086 0.751405 0.162109 0.752809 0.160156 0.752809 0.15918 0.754214 0.158203 0.754214 0.157227 0.755618 0.15625 0.755618 0.155273 0.757023 0.154297 0.757023 0.15332 0.758427 0.152344 0.758427 0.151367 0.759831 0.150391 0.759831 0.149414 0.761236 0.148438 0.761236 0.147461 0.76264 0.147461 0.764045 0.145508 0.766854 0.144531 0.766854 0.140625 0.772472 0.139648 0.772472 0.138672 0.773876 0.134766 0.773876 0.134766 0.810393 0.140625 0.810393 0.140625 0.80618 0.142578 0.803371 0.143555 0.804775 0.160156 0.804775 0.161133 0.803371 0.166992 0.803371 0.167969 0.801966 0.170898 0.801966 0.171875 0.800562 0.173828 0.800562 0.174805 0.799157 0.175781 0.799157 0.176758 0.797753 0.178711 0.797753 0.179688 0.796348 0.180664 0.796348 0.181641 0.794944 0.182617 0.794944 0.183594 0.793539 0.18457 0.793539 0.185547 0.792135 0.186523 0.792135 0.1875 0.79073 0.188477 0.79073 0.189453 0.789326 0.19043 0.789326 0.191406 0.787921 0.192383 0.787921 0.194336 0.785112 0.195312 0.785112 0.198242 0.780899 0.199219 0.780899 0.203125 0.775281 0.204102 0.775281 0.214844 0.759831 0.214844 0.758427 0.217773 0.754214 0.217773 0.752809 0.21582 0.75 0.21582 0.744382
1 0.955078 0.205056 0.955078 0.210674 0.953125 0.213483 0.953125 0.214888 0.952148 0.216292 0.952148 0.219101 0.951172 0.220506 0.951172 0.227528 0.950195 0.228933 0.950195 0.233146 0.949219 0.234551 0.949219 0.23736 0.948242 0.238764 0.948242 0.241573 0.947266 0.242978 0.947266 0.245787 0.946289 0.247191 0.946289 0.251404 0.945312 0.252809 0.945312 0.261236 0.944336 0.26264 0.944336 0.272472 0.943359 0.273876 0.943359 0.275281 0.942383 0.276685 0.939453 0.276685 0.939453 0.341292 0.943359 0.341292 0.946289 0.345506 0.946289 0.34691 0.949219 0.351124 0.949219 0.355337 0.957031 0.355337 0.957031 0.34691 0.958008 0.345506 0.958008 0.344101 0.958984 0.342697 0.958984 0.339888 0.959961 0.338483 0.959961 0.335674 0.960938 0.33427 0.960938 0.330056 0.961914 0.328652 0.961914 0.324438 0.962891 0.323034 0.962891 0.317416 0.963867 0.316011 0.963867 0.313202 0.964844 0.311798 0.964844 0.308989 0.96582 0.307584 0.96582 0.304775 0.966797 0.303371 0.966797 0.300562 0.967773 0.299157 0.967773 0.296348 0.96875 0.294944 0.96875 0.29073 0.969727 0.289326 0.969727 0.286517 0.970703 0.285112 0.970703 0.282303 0.97168 0.280899 0.97168 0.27809 0.972656 0.276685 0.972656 0.275281 0.973633 0.273876 0.973633 0.271067 0.974609 0.269663 0.974609 0.268258 0.975586 0.266854 0.975586 0.264045 0.976562 0.26264 0.976562 0.261236 0.977539 0.259831 0.977539 0.255618 0.978516 0.254213 0.978516 0.25 0.979492 0.248596 0.979492 0.244382 0.980469 0.242978 0.980469 0.240169 0.981445 0.238764 0.981445 0.235955 0.982422 0.234551 0.982422 0.233146 0.983398 0.231742 0.983398 0.224719 0.984375 0.223315 0.984375 0.216292 0.982422 0.213483 0.982422 0.212079 0.981445 0.210674 0.981445 0.205056
1 0.509766 0.924157 0.509766 0.98736 0.512695 0.98736 0.513672 0.988764 0.513672 0.990169 0.514648 0.991573 0.514648 0.994382 0.516602 0.997191 0.517578 0.997191 0.518555 0.998595 0.520508 0.998595 0.521484 1 0.563477 1 0.563477 0.988764 0.560547 0.988764 0.557617 0.984551 0.557617 0.983146 0.556641 0.981742 0.556641 0.980337 0.555664 0.978933 0.555664 0.977528 0.554688 0.976124 0.554688 0.974719 0.552734 0.97191 0.552734 0.970506 0.551758 0.969101 0.551758 0.967697 0.550781 0.966292 0.550781 0.964888 0.549805 0.963483 0.549805 0.962079 0.547852 0.95927 0.547852 0.957865 0.545898 0.955056 0.545898 0.953652 0.544922 0.952247 0.544922 0.950843 0.543945 0.949438 0.543945 0.946629 0.542969 0.945225 0.542969 0.94382 0.541992 0.942416 0.541992 0.941011 0.535156 0.93118 0.53418 0.93118 0.533203 0.929775 0.533203 0.924157
1 0.849609 0.755618 0.849609 0.764045 0.848633 0.765449 0.845703 0.765449 0.845703 0.955056 0.848633 0.955056 0.850586 0.957865 0.850586 0.95927 0.852539 0.962079 0.852539 0.963483 0.854492 0.966292 0.854492 0.967697 0.856445 0.970506 0.856445 0.97191 0.858398 0.974719 0.858398 0.977528 0.859375 0.978933 0.859375 0.980337 0.860352 0.981742 0.860352 0.985955 0.861328 0.98736 0.861328 0.990169 0.862305 0.991573 0.862305 0.992977 0.866211 0.998595 0.867188 0.998595 0.868164 1 0.873047 1 0.874023 1 0.898438 1 0.899414 1 0.901367 1 0.902344 0.998595 0.907227 0.998595 0.907227 0.985955 0.904297 0.985955 0.90332 0.984551 0.90332 0.983146 0.902344 0.981742 0.902344 0.978933 0.901367 0.977528 0.901367 0.976124 0.900391 0.974719 0.900391 0.973315 0.899414 0.97191 0.899414 0.970506 0.898438 0.969101 0.898438 0.967697 0.897461 0.966292 0.897461 0.960674 0.896484 0.95927 0.896484 0.94382 0.897461 0.942416 0.897461 0.936798 0.898438 0.935393 0.898438 0.900281 0.897461 0.898876 0.897461 0.896067 0.896484 0.894663 0.896484 0.891854 0.895508 0.890449 0.895508 0.884831 0.894531 0.883427 0.894531 0.877809 0.893555 0.876405 0.893555 0.873595 0.892578 0.872191 0.892578 0.870786 0.891602 0.869382 0.891602 0.866573 0.890625 0.865169 0.890625 0.860955 0.889648 0.859551 0.889648 0.856742 0.888672 0.855337 0.888672 0.852528 0.887695 0.851124 0.887695 0.848315 0.886719 0.84691 0.886719 0.845506 0.885742 0.844101 0.885742 0.842697 0.884766 0.841292 0.884766 0.839888 0.883789 0.838483 0.883789 0.837079 0.882812 0.835674 0.882812 0.83427 0.880859 0.831461 0.880859 0.830056 0.879883 0.828652 0.879883 0.827247 0.878906 0.825843 0.878906 0.824438 0.87793 0.823034 0.87793 0.821629 0.876953 0.820225 0.876953 0.81882 0.875977 0.817416 0.875977 0.816011 0.875 0.814607 0.875 0.811798 0.874023 0.810393 0.874023 0.807584 0.873047 0.80618 0.873047 0.801966 0.87207 0.800562 0.87207 0.797753 0.871094 0.796348 0.871094 0.792135 0.870117 0.79073 0.870117 0.769663 0.869141 0.768258 0.869141 0.755618
1 0.412109 0.952247 0.412109 1 0.461914 1 0.461914 0.962079 0.458008 0.962079 0.454102 0.956461 0.454102 0.952247
