0 0.708008 0.775 0.708008 0.778409 0.703125 0.784091 0.702148 0.784091 0.701172 0.785227 0.700195 0.785227 0.699219 0.786364 0.698242 0.786364 0.696289 0.788636 0.695312 0.788636 0.694336 0.789773 0.691406 0.789773 0.69043 0.790909 0.685547 0.790909 0.685547 0.818182 0.689453 0.818182 0.691406 0.820455 0.692383 0.820455 0.697266 0.826136 0.698242 0.826136 0.708008 0.8375 0.708984 0.8375 0.709961 0.838636 0.710938 0.838636 0.711914 0.839773 0.712891 0.839773 0.716797 0.844318 0.717773 0.844318 0.71875 0.845455 0.719727 0.845455 0.720703 0.846591 0.72168 0.846591 0.723633 0.848864 0.724609 0.848864 0.726562 0.851136 0.727539 0.851136 0.728516 0.852273 0.729492 0.852273 0.730469 0.853409 0.732422 0.853409 0.733398 0.854545 0.734375 0.854545 0.735352 0.855682 0.736328 0.855682 0.737305 0.856818 0.738281 0.856818 0.739258 0.857955 0.740234 0.857955 0.741211 0.859091 0.742188 0.859091 0.743164 0.860227 0.745117 0.860227 0.746094 0.861364 0.74707 0.861364 0.748047 0.8625 0.75 0.8625 0.750977 0.863636 0.753906 0.863636 0.754883 0.864773 0.756836 0.864773 0.757812 0.865909 0.761719 0.865909 0.762695 0.867045 0.768555 0.867045 0.769531 0.868182 0.774414 0.868182 0.775391 0.869318 0.77832 0.869318 0.779297 0.870455 0.779297 0.873864 0.825195 0.873864 0.825195 0.870455 0.826172 0.869318 0.827148 0.869318 0.828125 0.868182 0.832031 0.868182 0.833008 0.867045 0.844727 0.867045 0.844727 0.845455 0.84082 0.845455 0.839844 0.844318 0.839844 0.843182 0.831055 0.832955 0.831055 0.831818 0.829102 0.829545 0.829102 0.828409 0.826172 0.825 0.826172 0.823864 0.824219 0.821591 0.824219 0.820455 0.817383 0.8125 0.816406 0.8125 0.81543 0.811364 0.814453 0.811364 0.813477 0.810227 0.8125 0.810227 0.811523 0.809091 0.810547 0.809091 0.80957 0.807955 0.808594 0.807955 0.807617 0.806818 0.805664 0.806818 0.803711 0.804545 0.802734 0.804545 0.801758 0.803409 0.799805 0.803409 0.798828 0.802273 0.796875 0.802273 0.795898 0.801136 0.794922 0.801136 0.793945 0.8 0.790039 0.8 0.789062 0.798864 0.786133 0.798864 0.785156 0.797727 0.78125 0.797727 0.780273 0.796591 0.777344 0.796591 0.776367 0.795455 0.774414 0.795455 0.773438 0.794318 0.772461 0.794318 0.771484 0.793182 0.769531 0.793182 0.768555 0.792045 0.766602 0.792045 0.765625 0.790909 0.763672 0.790909 0.762695 0.789773 0.759766 0.789773 0.758789 0.788636 0.756836 0.788636 0.755859 0.7875 0.754883 0.7875 0.753906 0.786364 0.751953 0.786364 0.750977 0.785227 0.749023 0.785227 0.748047 0.784091 0.74707 0.784091 0.746094 0.782955 0.745117 0.782955 0.744141 0.781818 0.743164 0.781818 0.740234 0.778409 0.740234 0.775
0 0.164062 0.752273 0.164062 0.755682 0.162109 0.757955 0.161133 0.757955 0.15918 0.760227 0.158203 0.760227 0.15625 0.7625 0.155273 0.7625 0.154297 0.763636 0.15332 0.763636 0.150391 0.767045 0.146484 0.767045 0.146484 0.789773 0.149414 0.789773 0.15332 0.794318 0.154297 0.794318 0.155273 0.795455 0.15625 0.795455 0.158203 0.797727 0.15918 0.797727 0.160156 0.798864 0.161133 0.798864 0.162109 0.8 0.163086 0.8 0.165039 0.802273 0.166992 0.802273 0.167969 0.803409 0.168945 0.803409 0.169922 0.804545 0.171875 0.804545 0.172852 0.805682 0.174805 0.805682 0.175781 0.806818 0.177734 0.806818 0.178711 0.807955 0.179688 0.807955 0.180664 0.809091 0.182617 0.809091 0.183594 0.810227 0.18457 0.810227 0.185547 0.811364 0.1875 0.811364 0.188477 0.8125 0.19043 0.8125 0.191406 0.813636 0.195312 0.813636 0.196289 0.814773 0.204102 0.814773 0.205078 0.815909 0.208008 0.815909 0.208984 0.817045 0.211914 0.817045 0.212891 0.818182 0.216797 0.818182 0.217773 0.819318 0.22168 0.819318 0.222656 0.820455 0.227539 0.820455 0.228516 0.821591 0.230469 0.821591 0.231445 0.822727 0.233398 0.822727 0.234375 0.823864 0.236328 0.823864 0.238281 0.826136 0.239258 0.826136 0.240234 0.827273 0.241211 0.827273 0.243164 0.829545 0.244141 0.829545 0.24707 0.832955 0.248047 0.832955 0.25 0.835227 0.250977 0.835227 0.25293 0.8375 0.253906 0.8375 0.256836 0.840909 0.257812 0.840909 0.259766 0.843182 0.261719 0.843182 0.262695 0.844318 0.263672 0.844318 0.264648 0.845455 0.267578 0.845455 0.268555 0.846591 0.269531 0.846591 0.270508 0.847727 0.270508 0.851136 0.308594 0.851136 0.308594 0.847727 0.30957 0.846591 0.310547 0.846591 0.311523 0.845455 0.314453 0.845455 0.31543 0.844318 0.317383 0.844318 0.318359 0.843182 0.321289 0.843182 0.322266 0.842045 0.324219 0.842045 0.325195 0.840909 0.327148 0.840909 0.328125 0.839773 0.330078 0.839773 0.332031 0.8375 0.333008 0.8375 0.333984 0.836364 0.334961 0.836364 0.335938 0.835227 0.336914 0.835227 0.338867 0.832955 0.339844 0.832955 0.345703 0.826136 0.345703 0.825 0.34668 0.823864 0.34668 0.822727 0.347656 0.821591 0.347656 0.814773 0.34668 0.813636 0.34668 0.811364 0.345703 0.810227 0.345703 0.809091 0.34375 0.806818 0.34375 0.805682 0.342773 0.804545 0.342773 0.803409 0.34082 0.801136 0.34082 0.8 0.336914 0.795455 0.335938 0.795455 0.333008 0.792045 0.332031 0.792045 0.330078 0.789773 0.329102 0.789773 0.326172 0.786364 0.325195 0.786364 0.324219 0.785227 0.323242 0.785227 0.320312 0.781818 0.319336 0.781818 0.318359 0.780682 0.317383 0.780682 0.316406 0.779545 0.31543 0.779545 0.313477 0.777273 0.311523 0.777273 0.310547 0.776136 0.308594 0.776136 0.307617 0.775 0.305664 0.775 0.304688 0.773864 0.302734 0.773864 0.301758 0.772727 0.297852 0.772727 0.296875 0.771591 0.292969 0.771591 0.291992 0.770455 0.290039 0.770455 0.289062 0.769318 0.288086 0.769318 0.287109 0.768182 0.286133 0.768182 0.285156 0.767045 0.283203 0.767045 0.28125 0.764773 0.280273 0.764773 0.279297 0.763636 0.27832 0.763636 0.277344 0.7625 0.275391 0.7625 0.273438 0.760227 0.272461 0.760227 0.271484 0.759091 0.270508 0.759091 0.269531 0.757955 0.265625 0.757955 0.264648 0.756818 0.261719 0.756818 0.260742 0.755682 0.260742 0.752273 0.255859 0.752273 0.255859 0.755682 0.254883 0.756818 0.25293 0.756818 0.251953 0.757955 0.248047 0.757955 0.24707 0.759091 0.233398 0.759091 0.232422 0.757955 0.228516 0.757955 0.226562 0.755682 0.226562 0.752273
0 0.149414 0.684091 0.149414 0.6875 0.147461 0.689773 0.146484 0.689773 0.145508 0.690909 0.143555 0.690909 0.142578 0.692045 0.141602 0.692045 0.140625 0.693182 0.139648 0.693182 0.138672 0.694318 0.136719 0.694318 0.135742 0.695455 0.134766 0.695455 0.132812 0.697727 0.131836 0.697727 0.129883 0.7 0.128906 0.7 0.125977 0.703409 0.125 0.703409 0.124023 0.704545 0.123047 0.704545 0.120117 0.707955 0.119141 0.707955 0.117188 0.710227 0.116211 0.710227 0.113281 0.713636 0.112305 0.713636 0.106445 0.720455 0.105469 0.720455 0.0986328 0.728409 0.0957031 0.728409 0.0957031 0.747727 0.0996094 0.747727 0.107422 0.756818 0.108398 0.756818 0.111328 0.760227 0.112305 0.760227 0.113281 0.761364 0.114258 0.761364 0.115234 0.7625 0.116211 0.7625 0.117188 0.763636 0.118164 0.763636 0.119141 0.764773 0.121094 0.764773 0.12207 0.765909 0.12793 0.765909 0.128906 0.767045 0.142578 0.767045 0.143555 0.765909 0.145508 0.765909 0.146484 0.764773 0.147461 0.764773 0.149414 0.7625 0.150391 0.7625 0.152344 0.760227 0.15332 0.760227 0.155273 0.757955 0.15625 0.757955 0.157227 0.756818 0.15918 0.756818 0.160156 0.755682 0.161133 0.755682 0.162109 0.754545 0.164062 0.754545 0.165039 0.753409 0.166016 0.753409 0.166992 0.752273 0.168945 0.752273 0.169922 0.751136 0.174805 0.751136 0.175781 0.75 0.18457 0.75 0.185547 0.748864 0.213867 0.748864 0.214844 0.747727 0.217773 0.747727 0.21875 0.746591 0.220703 0.746591 0.22168 0.745455 0.224609 0.745455 0.225586 0.744318 0.227539 0.744318 0.228516 0.743182 0.230469 0.743182 0.231445 0.742045 0.232422 0.742045 0.233398 0.740909 0.235352 0.740909 0.236328 0.739773 0.237305 0.739773 0.239258 0.7375 0.240234 0.7375 0.241211 0.736364 0.242188 0.736364 0.243164 0.735227 0.25 0.735227 0.250977 0.736364 0.25293 0.736364 0.253906 0.7375 0.254883 0.7375 0.256836 0.739773 0.257812 0.739773 0.259766 0.742045 0.260742 0.742045 0.262695 0.744318 0.263672 0.744318 0.266602 0.747727 0.267578 0.747727 0.273438 0.754545 0.274414 0.754545 0.276367 0.756818 0.277344 0.756818 0.27832 0.757955 0.280273 0.757955 0.28125 0.759091 0.282227 0.759091 0.283203 0.760227 0.285156 0.760227 0.286133 0.761364 0.287109 0.761364 0.288086 0.7625 0.289062 0.7625 0.290039 0.763636 0.291016 0.763636 0.291992 0.764773 0.292969 0.764773 0.293945 0.765909 0.295898 0.765909 0.296875 0.767045 0.298828 0.767045 0.299805 0.768182 0.301758 0.768182 0.302734 0.769318 0.304688 0.769318 0.305664 0.770455 0.307617 0.770455 0.308594 0.771591 0.30957 0.771591 0.310547 0.772727 0.3125 0.772727 0.313477 0.773864 0.322266 0.773864 0.323242 0.772727 0.327148 0.772727 0.328125 0.771591 0.335938 0.771591 0.336914 0.770455 0.345703 0.770455 0.34668 0.769318 0.350586 0.769318 0.351562 0.768182 0.353516 0.768182 0.354492 0.767045 0.356445 0.767045 0.357422 0.765909 0.359375 0.765909 0.360352 0.764773 0.361328 0.764773 0.363281 0.7625 0.364258 0.7625 0.366211 0.760227 0.367188 0.760227 0.368164 0.759091 0.369141 0.759091 0.375977 0.751136 0.375977 0.75 0.376953 0.748864 0.376953 0.747727 0.37793 0.746591 0.37793 0.744318 0.378906 0.743182 0.378906 0.738636 0.37793 0.7375 0.37793 0.736364 0.375977 0.734091 0.375977 0.732955 0.369141 0.725 0.368164 0.725 0.365234 0.721591 0.364258 0.721591 0.360352 0.717045 0.359375 0.717045 0.356445 0.713636 0.355469 0.713636 0.353516 0.711364 0.352539 0.711364 0.350586 0.709091 0.349609 0.709091 0.348633 0.707955 0.347656 0.707955 0.345703 0.705682 0.344727 0.705682 0.342773 0.703409 0.341797 0.703409 0.338867 0.7 0.337891 0.7 0.335938 0.697727 0.334961 0.697727 0.332031 0.694318 0.331055 0.694318 0.328125 0.690909 0.327148 0.690909 0.326172 0.689773 0.324219 0.689773 0.322266 0.6875 0.322266 0.684091 0.261719 0.684091 0.261719 0.6875 0.259766 0.689773 0.258789 0.689773 0.257812 0.690909 0.256836 0.690909 0.255859 0.692045 0.253906 0.692045 0.25293 0.693182 0.250977 0.693182 0.25 0.694318 0.24707 0.694318 0.246094 0.695455 0.243164 0.695455 0.242188 0.696591 0.233398 0.696591 0.232422 0.695455 0.229492 0.695455 0.228516 0.694318 0.226562 0.694318 0.225586 0.693182 0.219727 0.693182 0.21875 0.692045 0.214844 0.692045 0.213867 0.690909 0.211914 0.690909 0.210938 0.689773 0.208984 0.689773 0.208008 0.688636 0.207031 0.688636 0.206055 0.6875 0.206055 0.684091
0 0.450195 0.388636 0.450195 0.392045 0.448242 0.394318 0.446289 0.394318 0.445312 0.395455 0.444336 0.395455 0.443359 0.396591 0.442383 0.396591 0.441406 0.397727 0.44043 0.397727 0.439453 0.398864 0.438477 0.398864 0.4375 0.4 0.436523 0.4 0.435547 0.401136 0.43457 0.401136 0.433594 0.402273 0.432617 0.402273 0.431641 0.403409 0.430664 0.403409 0.429688 0.404545 0.428711 0.404545 0.427734 0.405682 0.426758 0.405682 0.425781 0.406818 0.424805 0.406818 0.423828 0.407955 0.420898 0.407955 0.419922 0.409091 0.416016 0.409091 0.415039 0.410227 0.414062 0.410227 0.413086 0.411364 0.412109 0.411364 0.411133 0.4125 0.410156 0.4125 0.40918 0.413636 0.408203 0.413636 0.40625 0.415909 0.405273 0.415909 0.40332 0.418182 0.402344 0.418182 0.400391 0.420455 0.399414 0.420455 0.397461 0.422727 0.396484 0.422727 0.394531 0.425 0.393555 0.425 0.392578 0.426136 0.391602 0.426136 0.390625 0.427273 0.388672 0.427273 0.387695 0.428409 0.386719 0.428409 0.385742 0.429545 0.384766 0.429545 0.383789 0.430682 0.382812 0.430682 0.381836 0.431818 0.380859 0.431818 0.379883 0.432955 0.378906 0.432955 0.37793 0.434091 0.376953 0.434091 0.375977 0.435227 0.375 0.435227 0.374023 0.436364 0.373047 0.436364 0.37207 0.4375 0.371094 0.4375 0.370117 0.438636 0.369141 0.438636 0.368164 0.439773 0.367188 0.439773 0.365234 0.442045 0.364258 0.442045 0.362305 0.444318 0.361328 0.444318 0.360352 0.445455 0.359375 0.445455 0.357422 0.447727 0.356445 0.447727 0.355469 0.448864 0.354492 0.448864 0.350586 0.453409 0.349609 0.453409 0.34082 0.463636 0.34082 0.464773 0.338867 0.467045 0.338867 0.468182 0.337891 0.469318 0.337891 0.470455 0.336914 0.471591 0.336914 0.472727 0.334961 0.475 0.334961 0.476136 0.333984 0.477273 0.333984 0.478409 0.333008 0.479545 0.333008 0.480682 0.332031 0.481818 0.332031 0.484091 0.331055 0.485227 0.331055 0.4875 0.330078 0.488636 0.330078 0.490909 0.329102 0.492045 0.329102 0.493182 0.328125 0.494318 0.328125 0.496591 0.327148 0.497727 0.327148 0.5 0.326172 0.501136 0.326172 0.502273 0.325195 0.503409 0.325195 0.504545 0.324219 0.505682 0.324219 0.506818 0.323242 0.507955 0.323242 0.509091 0.322266 0.510227 0.318359 0.510227 0.318359 0.518182 0.322266 0.518182 0.324219 0.520455 0.325195 0.520455 0.326172 0.521591 0.328125 0.521591 0.329102 0.522727 0.333984 0.522727 0.334961 0.523864 0.34082 0.523864 0.341797 0.522727 0.347656 0.522727 0.349609 0.525 0.349609 0.528409 0.397461 0.528409 0.397461 0.525 0.396484 0.523864 0.396484 0.517045 0.395508 0.515909 0.395508 0.513636 0.394531 0.5125 0.394531 0.511364 0.393555 0.510227 0.394531 0.509091 0.394531 0.506818 0.400391 0.5 0.401367 0.5 0.40332 0.497727 0.404297 0.497727 0.40625 0.495455 0.407227 0.495455 0.408203 0.494318 0.410156 0.494318 0.411133 0.493182 0.412109 0.493182 0.414062 0.490909 0.415039 0.490909 0.416016 0.489773 0.416992 0.489773 0.417969 0.488636 0.418945 0.488636 0.420898 0.486364 0.421875 0.486364 0.422852 0.485227 0.423828 0.485227 0.424805 0.484091 0.425781 0.484091 0.426758 0.482955 0.427734 0.482955 0.428711 0.481818 0.429688 0.481818 0.430664 0.480682 0.431641 0.480682 0.432617 0.479545 0.433594 0.479545 0.435547 0.477273 0.436523 0.477273 0.4375 0.476136 0.438477 0.476136 0.439453 0.475 0.441406 0.475 0.442383 0.473864 0.443359 0.473864 0.444336 0.472727 0.445312 0.472727 0.446289 0.471591 0.447266 0.471591 0.449219 0.469318 0.450195 0.469318 0.451172 0.468182 0.452148 0.468182 0.453125 0.467045 0.455078 0.467045 0.457031 0.464773 0.458008 0.464773 0.458984 0.463636 0.459961 0.463636 0.460938 0.4625 0.461914 0.4625 0.464844 0.459091 0.46582 0.459091 0.466797 0.457955 0.467773 0.457955 0.46875 0.456818 0.469727 0.456818 0.47168 0.454545 0.472656 0.454545 0.490234 0.434091 0.490234 0.432955 0.494141 0.428409 0.494141 0.427273 0.49707 0.423864 0.49707 0.422727 0.499023 0.420455 0.499023 0.419318 0.5 0.418182 0.5 0.417045 0.501953 0.414773 0.504883 0.414773 0.504883 0.395455 0.501953 0.395455 0.5 0.393182 0.5 0.388636
1 0.550781 0.484091 0.550781 0.4875 0.549805 0.488636 0.547852 0.488636 0.546875 0.489773 0.541992 0.489773 0.541016 0.490909 0.511719 0.490909 0.510742 0.492045 0.506836 0.492045 0.505859 0.493182 0.50293 0.493182 0.501953 0.494318 0.5 0.494318 0.499023 0.495455 0.49707 0.495455 0.496094 0.496591 0.490234 0.496591 0.490234 0.532955 0.503906 0.532955 0.503906 0.529545 0.504883 0.528409 0.506836 0.528409 0.507812 0.527273 0.514648 0.527273 0.515625 0.526136 0.521484 0.526136 0.522461 0.525 0.52832 0.525 0.529297 0.523864 0.53418 0.523864 0.535156 0.522727 0.539062 0.522727 0.540039 0.521591 0.543945 0.521591 0.544922 0.520455 0.573242 0.520455 0.574219 0.519318 0.582031 0.519318 0.583008 0.518182 0.604492 0.518182 0.605469 0.517045 0.621094 0.517045 0.62207 0.515909 0.625 0.515909 0.625977 0.514773 0.628906 0.514773 0.629883 0.513636 0.632812 0.513636 0.633789 0.5125 0.636719 0.5125 0.637695 0.511364 0.639648 0.511364 0.640625 0.510227 0.642578 0.510227 0.643555 0.509091 0.644531 0.509091 0.645508 0.507955 0.646484 0.507955 0.649414 0.504545 0.65332 0.504545 0.65332 0.484091
1 0.642578 0.725 0.642578 0.728409 0.639648 0.731818 0.639648 0.732955 0.635742 0.7375 0.635742 0.738636 0.633789 0.740909 0.633789 0.742045 0.632812 0.743182 0.632812 0.744318 0.631836 0.745455 0.631836 0.746591 0.625 0.754545 0.625 0.755682 0.623047 0.757955 0.62207 0.757955 0.618164 0.7625 0.617188 0.7625 0.613281 0.767045 0.612305 0.767045 0.609375 0.770455 0.608398 0.770455 0.603516 0.776136 0.602539 0.776136 0.599609 0.779545 0.598633 0.779545 0.59375 0.785227 0.592773 0.785227 0.578125 0.802273 0.578125 0.803409 0.577148 0.804545 0.577148 0.805682 0.575195 0.807955 0.575195 0.809091 0.574219 0.810227 0.574219 0.811364 0.573242 0.8125 0.573242 0.813636 0.571289 0.815909 0.568359 0.815909 0.568359 0.869318 0.59082 0.869318 0.59082 0.865909 0.592773 0.863636 0.592773 0.8625 0.595703 0.859091 0.595703 0.857955 0.598633 0.854545 0.598633 0.853409 0.602539 0.848864 0.602539 0.847727 0.606445 0.843182 0.606445 0.842045 0.607422 0.840909 0.607422 0.839773 0.609375 0.8375 0.609375 0.836364 0.611328 0.834091 0.611328 0.832955 0.612305 0.831818 0.612305 0.830682 0.613281 0.829545 0.613281 0.828409 0.614258 0.827273 0.614258 0.826136 0.617188 0.822727 0.617188 0.821591 0.62793 0.809091 0.628906 0.809091 0.636719 0.8 0.637695 0.8 0.65332 0.781818 0.654297 0.781818 0.658203 0.777273 0.658203 0.776136 0.663086 0.770455 0.663086 0.769318 0.665039 0.767045 0.665039 0.765909 0.668945 0.761364 0.672852 0.761364 0.672852 0.725
1 0.959961 0.247727 0.959961 0.251136 0.954102 0.257955 0.953125 0.257955 0.946289 0.265909 0.945312 0.265909 0.943359 0.268182 0.942383 0.268182 0.939453 0.271591 0.938477 0.271591 0.93457 0.276136 0.933594 0.276136 0.927734 0.282955 0.926758 0.282955 0.922852 0.2875 0.921875 0.2875 0.915039 0.295455 0.914062 0.295455 0.900391 0.311364 0.900391 0.3125 0.895508 0.318182 0.895508 0.319318 0.892578 0.322727 0.892578 0.323864 0.889648 0.327273 0.889648 0.328409 0.887695 0.330682 0.887695 0.331818 0.885742 0.334091 0.885742 0.335227 0.884766 0.336364 0.884766 0.3375 0.883789 0.338636 0.883789 0.339773 0.882812 0.340909 0.882812 0.342045 0.881836 0.343182 0.881836 0.345455 0.880859 0.346591 0.880859 0.347727 0.879883 0.348864 0.879883 0.35 0.878906 0.351136 0.878906 0.353409 0.87793 0.354545 0.87793 0.356818 0.875977 0.359091 0.875977 0.360227 0.874023 0.3625 0.874023 0.363636 0.87207 0.365909 0.87207 0.367045 0.871094 0.368182 0.871094 0.369318 0.870117 0.370455 0.870117 0.371591 0.868164 0.373864 0.868164 0.375 0.864258 0.379545 0.861328 0.379545 0.861328 0.414773 0.878906 0.414773 0.878906 0.410227 0.882812 0.405682 0.882812 0.404545 0.897461 0.3875 0.898438 0.3875 0.904297 0.380682 0.905273 0.380682 0.90625 0.379545 0.907227 0.379545 0.908203 0.378409 0.90918 0.378409 0.912109 0.375 0.912109 0.373864 0.913086 0.372727 0.913086 0.371591 0.914062 0.370455 0.914062 0.369318 0.921875 0.360227 0.922852 0.360227 0.923828 0.359091 0.925781 0.359091 0.926758 0.357955 0.927734 0.357955 0.928711 0.356818 0.929688 0.356818 0.930664 0.355682 0.931641 0.355682 0.932617 0.354545 0.933594 0.354545 0.93457 0.353409 0.935547 0.353409 0.936523 0.352273 0.9375 0.352273 0.938477 0.351136 0.939453 0.351136 0.94043 0.35 0.941406 0.35 0.942383 0.348864 0.943359 0.348864 0.944336 0.347727 0.945312 0.347727 0.953125 0.338636 0.953125 0.3375 0.954102 0.336364 0.954102 0.334091 0.955078 0.332955 0.955078 0.330682 0.956055 0.329545 0.956055 0.326136 0.957031 0.325 0.957031 0.323864 0.958008 0.322727 0.958008 0.321591 0.958984 0.320455 0.958984 0.319318 0.960938 0.317045 0.960938 0.315909 0.964844 0.311364 0.964844 0.310227 0.967773 0.306818 0.967773 0.305682 0.975586 0.296591 0.975586 0.295455 0.982422 0.2875 0.985352 0.2875 0.985352 0.247727
0 0.37207 0.506818 0.37207 0.510227 0.371094 0.511364 0.369141 0.511364 0.368164 0.5125 0.367188 0.5125 0.364258 0.515909 0.362305 0.515909 0.361328 0.517045 0.359375 0.517045 0.358398 0.518182 0.357422 0.518182 0.356445 0.519318 0.355469 0.519318 0.354492 0.520455 0.352539 0.520455 0.351562 0.521591 0.349609 0.521591 0.348633 0.522727 0.347656 0.522727 0.347656 0.523864 0.34668 0.525 0.345703 0.525 0.344727 0.526136 0.342773 0.526136 0.341797 0.527273 0.339844 0.527273 0.338867 0.528409 0.337891 0.528409 0.336914 0.529545 0.335938 0.529545 0.333984 0.531818 0.333008 0.531818 0.330078 0.535227 0.329102 0.535227 0.321289 0.544318 0.320312 0.544318 0.31543 0.55 0.31543 0.551136 0.30957 0.557955 0.30957 0.559091 0.307617 0.561364 0.307617 0.5625 0.301758 0.569318 0.298828 0.569318 0.298828 0.597727 0.301758 0.597727 0.302734 0.598864 0.304688 0.598864 0.305664 0.6 0.308594 0.6 0.30957 0.601136 0.310547 0.601136 0.311523 0.602273 0.311523 0.605682 0.31543 0.605682 0.31543 0.602273 0.316406 0.601136 0.318359 0.601136 0.319336 0.6 0.322266 0.6 0.323242 0.598864 0.325195 0.598864 0.326172 0.597727 0.327148 0.597727 0.328125 0.596591 0.330078 0.596591 0.331055 0.595455 0.332031 0.595455 0.333008 0.594318 0.334961 0.594318 0.335938 0.593182 0.336914 0.593182 0.337891 0.592045 0.338867 0.592045 0.34082 0.589773 0.341797 0.589773 0.342773 0.588636 0.34375 0.588636 0.345703 0.586364 0.34668 0.586364 0.347656 0.585227 0.348633 0.585227 0.350586 0.582955 0.351562 0.582955 0.353516 0.580682 0.354492 0.580682 0.356445 0.578409 0.357422 0.578409 0.358398 0.577273 0.359375 0.577273 0.360352 0.576136 0.361328 0.576136 0.363281 0.573864 0.364258 0.573864 0.365234 0.572727 0.366211 0.572727 0.369141 0.569318 0.370117 0.569318 0.373047 0.565909 0.374023 0.565909 0.37793 0.561364 0.378906 0.561364 0.383789 0.555682 0.384766 0.555682 0.390625 0.548864 0.390625 0.547727 0.392578 0.545455 0.392578 0.544318 0.394531 0.542045 0.394531 0.539773 0.395508 0.538636 0.395508 0.5375 0.396484 0.536364 0.396484 0.535227 0.397461 0.534091 0.397461 0.530682 0.398438 0.529545 0.398438 0.525 0.399414 0.523864 0.399414 0.515909 0.398438 0.514773 0.398438 0.511364 0.397461 0.510227 0.397461 0.506818
1 0.267578 0.293182 0.267578 0.317045 0.271484 0.317045 0.272461 0.318182 0.273438 0.318182 0.274414 0.319318 0.275391 0.319318 0.276367 0.320455 0.277344 0.320455 0.27832 0.321591 0.279297 0.321591 0.280273 0.322727 0.28125 0.322727 0.282227 0.323864 0.283203 0.323864 0.28418 0.325 0.285156 0.325 0.286133 0.326136 0.287109 0.326136 0.288086 0.327273 0.289062 0.327273 0.290039 0.328409 0.291016 0.328409 0.291992 0.329545 0.292969 0.329545 0.293945 0.330682 0.295898 0.330682 0.296875 0.331818 0.297852 0.331818 0.298828 0.332955 0.300781 0.332955 0.301758 0.334091 0.303711 0.334091 0.304688 0.335227 0.307617 0.335227 0.308594 0.336364 0.310547 0.336364 0.311523 0.3375 0.3125 0.3375 0.313477 0.338636 0.31543 0.338636 0.316406 0.339773 0.317383 0.339773 0.318359 0.340909 0.319336 0.340909 0.321289 0.343182 0.321289 0.346591 0.335938 0.346591 0.335938 0.343182 0.337891 0.340909 0.34082 0.340909 0.34082 0.322727 0.337891 0.322727 0.331055 0.314773 0.330078 0.314773 0.328125 0.3125 0.327148 0.3125 0.325195 0.310227 0.324219 0.310227 0.323242 0.309091 0.322266 0.309091 0.321289 0.307955 0.320312 0.307955 0.319336 0.306818 0.318359 0.306818 0.316406 0.304545 0.31543 0.304545 0.314453 0.303409 0.3125 0.303409 0.311523 0.302273 0.310547 0.302273 0.308594 0.3 0.307617 0.3 0.306641 0.298864 0.305664 0.298864 0.303711 0.296591 0.303711 0.293182
0 0.951172 0.147727 0.951172 0.182955 0.954102 0.182955 0.956055 0.185227 0.956055 0.1875 0.957031 0.188636 0.957031 0.190909 0.958008 0.192045 0.958008 0.194318 0.958984 0.195455 0.958984 0.197727 0.959961 0.198864 0.959961 0.2 0.960938 0.201136 0.960938 0.202273 0.961914 0.203409 0.961914 0.204545 0.962891 0.205682 0.962891 0.206818 0.963867 0.207955 0.963867 0.209091 0.964844 0.210227 0.964844 0.211364 0.96582 0.2125 0.96582 0.213636 0.966797 0.214773 0.966797 0.215909 0.967773 0.217045 0.967773 0.218182 0.96875 0.219318 0.96875 0.220455 0.969727 0.221591 0.969727 0.222727 0.970703 0.223864 0.970703 0.225 0.972656 0.227273 0.972656 0.228409 0.974609 0.230682 0.974609 0.231818 0.978516 0.236364 0.979492 0.236364 0.980469 0.2375 0.980469 0.242045 0.988281 0.242045 0.988281 0.238636 0.989258 0.2375 0.990234 0.2375 0.991211 0.236364 0.992188 0.236364 0.993164 0.235227 0.995117 0.235227 0.996094 0.234091 0.999023 0.234091 0.999023 0.147727
0 0.671875 0.584091 0.671875 0.5875 0.666016 0.594318 0.665039 0.594318 0.657227 0.603409 0.65625 0.603409 0.652344 0.607955 0.651367 0.607955 0.647461 0.6125 0.646484 0.6125 0.639648 0.620455 0.639648 0.621591 0.638672 0.622727 0.638672 0.623864 0.637695 0.625 0.637695 0.626136 0.636719 0.627273 0.636719 0.628409 0.635742 0.629545 0.635742 0.630682 0.634766 0.631818 0.634766 0.632955 0.633789 0.634091 0.633789 0.635227 0.631836 0.6375 0.631836 0.639773 0.630859 0.640909 0.630859 0.643182 0.629883 0.644318 0.629883 0.646591 0.628906 0.647727 0.628906 0.651136 0.62793 0.652273 0.62793 0.653409 0.626953 0.654545 0.626953 0.655682 0.625977 0.656818 0.625977 0.657955 0.625 0.659091 0.625 0.661364 0.624023 0.6625 0.624023 0.663636 0.623047 0.664773 0.623047 0.667045 0.62207 0.668182 0.62207 0.670455 0.621094 0.671591 0.621094 0.672727 0.620117 0.673864 0.620117 0.675 0.618164 0.677273 0.618164 0.678409 0.617188 0.679545 0.617188 0.680682 0.616211 0.681818 0.616211 0.682955 0.615234 0.684091 0.615234 0.685227 0.613281 0.6875 0.613281 0.688636 0.612305 0.689773 0.612305 0.690909 0.611328 0.692045 0.611328 0.693182 0.608398 0.696591 0.608398 0.697727 0.606445 0.7 0.606445 0.701136 0.602539 0.705682 0.602539 0.706818 0.599609 0.710227 0.599609 0.711364 0.597656 0.713636 0.597656 0.714773 0.59668 0.715909 0.59668 0.717045 0.59375 0.720455 0.59375 0.721591 0.59082 0.725 0.59082 0.726136 0.587891 0.729545 0.587891 0.730682 0.582031 0.7375 0.582031 0.738636 0.577148 0.744318 0.577148 0.745455 0.576172 0.746591 0.572266 0.746591 0.572266 0.792045 0.579102 0.792045 0.579102 0.788636 0.581055 0.786364 0.582031 0.786364 0.583008 0.785227 0.583984 0.785227 0.584961 0.784091 0.585938 0.784091 0.586914 0.782955 0.587891 0.782955 0.588867 0.781818 0.589844 0.781818 0.591797 0.779545 0.592773 0.779545 0.59375 0.778409 0.594727 0.778409 0.595703 0.777273 0.59668 0.777273 0.598633 0.775 0.599609 0.775 0.604492 0.769318 0.605469 0.769318 0.608398 0.765909 0.609375 0.765909 0.613281 0.761364 0.614258 0.761364 0.618164 0.756818 0.618164 0.755682 0.620117 0.753409 0.620117 0.752273 0.62207 0.75 0.62207 0.748864 0.626953 0.743182 0.626953 0.742045 0.630859 0.7375 0.630859 0.736364 0.643555 0.721591 0.643555 0.720455 0.647461 0.715909 0.647461 0.714773 0.648438 0.713636 0.648438 0.7125 0.652344 0.707955 0.652344 0.706818 0.654297 0.704545 0.654297 0.702273 0.655273 0.701136 0.655273 0.7 0.65625 0.698864 0.65625 0.697727 0.657227 0.696591 0.657227 0.695455 0.662109 0.689773 0.663086 0.689773 0.665039 0.6875 0.666016 0.6875 0.666992 0.686364 0.667969 0.686364 0.668945 0.685227 0.670898 0.685227 0.671875 0.684091 0.672852 0.684091 0.673828 0.682955 0.674805 0.682955 0.675781 0.681818 0.676758 0.681818 0.678711 0.679545 0.679688 0.679545 0.681641 0.677273 0.682617 0.677273 0.68457 0.675 0.685547 0.675 0.6875 0.672727 0.688477 0.672727 0.691406 0.669318 0.692383 0.669318 0.697266 0.663636 0.697266 0.6625 0.700195 0.659091 0.700195 0.657955 0.704102 0.653409 0.704102 0.652273 0.705078 0.651136 0.705078 0.65 0.707031 0.647727 0.707031 0.646591 0.708008 0.645455 0.708008 0.644318 0.709961 0.642045 0.709961 0.640909 0.711914 0.638636 0.711914 0.636364 0.712891 0.635227 0.712891 0.634091 0.713867 0.632955 0.713867 0.631818 0.71582 0.629545 0.71582 0.628409 0.716797 0.627273 0.716797 0.626136 0.71875 0.623864 0.71875 0.622727 0.719727 0.621591 0.719727 0.620455 0.720703 0.619318 0.720703 0.618182 0.72168 0.617045 0.72168 0.615909 0.722656 0.614773 0.722656 0.613636 0.723633 0.6125 0.723633 0.611364 0.724609 0.610227 0.727539 0.610227 0.727539 0.592045 0.724609 0.592045 0.722656 0.589773 0.722656 0.584091
1 0.0888672 0.738636 0.0888672 0.742045 0.0869141 0.744318 0.0839844 0.744318 0.0839844 0.798864 0.0869141 0.798864 0.0888672 0.801136 0.0888672 0.803409 0.0898438 0.804545 0.0898438 0.805682 0.0908203 0.806818 0.0908203 0.807955 0.0917969 0.809091 0.0917969 0.810227 0.0927734 0.811364 0.0927734 0.813636 0.09375 0.814773 0.09375 0.817045 0.0947266 0.818182 0.0947266 0.819318 0.0957031 0.820455 0.0957031 0.822727 0.0966797 0.823864 0.0966797 0.825 0.0976562 0.826136 0.0976562 0.828409 0.0986328 0.829545 0.0986328 0.830682 0.0996094 0.831818 0.0996094 0.832955 0.100586 0.834091 0.100586 0.836364 0.101562 0.8375 0.101562 0.838636 0.102539 0.839773 0.102539 0.842045 0.103516 0.843182 0.103516 0.845455 0.104492 0.846591 0.104492 0.848864 0.105469 0.85 0.105469 0.851136 0.106445 0.852273 0.106445 0.854545 0.107422 0.855682 0.107422 0.856818 0.108398 0.857955 0.108398 0.860227 0.109375 0.861364 0.109375 0.8625 0.110352 0.863636 0.110352 0.864773 0.114258 0.869318 0.114258 0.873864 0.149414 0.873864 0.149414 0.870455 0.150391 0.869318 0.151367 0.869318 0.152344 0.868182 0.157227 0.868182 0.157227 0.855682 0.154297 0.855682 0.151367 0.852273 0.151367 0.851136 0.150391 0.85 0.150391 0.848864 0.149414 0.847727 0.149414 0.845455 0.148438 0.844318 0.148438 0.840909 0.147461 0.839773 0.147461 0.836364 0.146484 0.835227 0.146484 0.831818 0.145508 0.830682 0.145508 0.828409 0.144531 0.827273 0.144531 0.823864 0.143555 0.822727 0.143555 0.819318 0.142578 0.818182 0.142578 0.815909 0.141602 0.814773 0.141602 0.813636 0.140625 0.8125 0.140625 0.811364 0.139648 0.810227 0.139648 0.809091 0.138672 0.807955 0.138672 0.805682 0.137695 0.804545 0.137695 0.803409 0.136719 0.802273 0.136719 0.801136 0.135742 0.8 0.135742 0.798864 0.134766 0.797727 0.134766 0.796591 0.132812 0.794318 0.132812 0.793182 0.128906 0.788636 0.128906 0.7875 0.125977 0.784091 0.125977 0.782955 0.125 0.781818 0.125 0.780682 0.123047 0.778409 0.123047 0.777273 0.121094 0.775 0.121094 0.773864 0.120117 0.772727 0.120117 0.771591 0.116211 0.767045 0.115234 0.767045 0.110352 0.761364 0.109375 0.761364 0.104492 0.755682 0.104492 0.754545 0.101562 0.751136 0.101562 0.75 0.0996094 0.747727 0.0996094 0.746591 0.0986328 0.745455 0.0986328 0.744318 0.0976562 0.743182 0.0976562 0.738636
1 0.837891 0.743182 0.837891 0.795455 0.84082 0.795455 0.84375 0.798864 0.84375 0.8 0.844727 0.801136 0.844727 0.803409 0.845703 0.804545 0.845703 0.806818 0.84668 0.807955 0.84668 0.810227 0.847656 0.811364 0.847656 0.813636 0.848633 0.814773 0.848633 0.818182 0.849609 0.819318 0.849609 0.821591 0.850586 0.822727 0.850586 0.825 0.851562 0.826136 0.851562 0.828409 0.852539 0.829545 0.852539 0.831818 0.853516 0.832955 0.853516 0.835227 0.854492 0.836364 0.854492 0.838636 0.855469 0.839773 0.855469 0.842045 0.856445 0.843182 0.856445 0.844318 0.858398 0.846591 0.858398 0.847727 0.860352 0.85 0.865234 0.85 0.866211 0.848864 0.868164 0.848864 0.870117 0.846591 0.871094 0.846591 0.871094 0.845455 0.873047 0.843182 0.873047 0.842045 0.874023 0.840909 0.874023 0.836364 0.875 0.835227 0.875 0.821591 0.875977 0.820455 0.875977 0.818182 0.876953 0.817045 0.879883 0.817045 0.879883 0.792045 0.876953 0.792045 0.875977 0.790909 0.875977 0.789773 0.875 0.788636 0.875 0.785227 0.874023 0.784091 0.874023 0.780682 0.873047 0.779545 0.873047 0.777273 0.87207 0.776136 0.87207 0.772727 0.871094 0.771591 0.871094 0.768182 0.870117 0.767045 0.870117 0.763636 0.869141 0.7625 0.869141 0.761364 0.868164 0.760227 0.868164 0.759091 0.867188 0.757955 0.867188 0.756818 0.866211 0.755682 0.866211 0.754545 0.865234 0.753409 0.865234 0.752273 0.862305 0.748864 0.862305 0.747727 0.861328 0.746591 0.861328 0.743182
1 0.435547 0.284091 0.435547 0.2875 0.433594 0.289773 0.432617 0.289773 0.431641 0.290909 0.430664 0.290909 0.423828 0.298864 0.422852 0.298864 0.421875 0.3 0.421875 0.301136 0.412109 0.3125 0.412109 0.313636 0.408203 0.318182 0.408203 0.319318 0.404297 0.323864 0.404297 0.325 0.40332 0.326136 0.402344 0.326136 0.401367 0.327273 0.401367 0.328409 0.395508 0.335227 0.394531 0.335227 0.381836 0.35 0.381836 0.351136 0.379883 0.353409 0.378906 0.353409 0.375 0.357955 0.374023 0.357955 0.37207 0.360227 0.370117 0.360227 0.369141 0.361364 0.368164 0.361364 0.366211 0.363636 0.365234 0.363636 0.359375 0.370455 0.359375 0.371591 0.356445 0.375 0.353516 0.375 0.353516 0.406818 0.356445 0.406818 0.357422 0.407955 0.359375 0.407955 0.360352 0.409091 0.361328 0.409091 0.362305 0.410227 0.363281 0.410227 0.364258 0.411364 0.366211 0.411364 0.367188 0.4125 0.369141 0.4125 0.370117 0.413636 0.37207 0.413636 0.373047 0.414773 0.375 0.414773 0.375977 0.415909 0.375977 0.419318 0.376953 0.419318 0.376953 0.415909 0.37793 0.414773 0.379883 0.414773 0.380859 0.413636 0.382812 0.413636 0.383789 0.4125 0.384766 0.4125 0.386719 0.410227 0.387695 0.410227 0.395508 0.401136 0.395508 0.4 0.40332 0.390909 0.40332 0.389773 0.40918 0.382955 0.40918 0.381818 0.411133 0.379545 0.411133 0.378409 0.414062 0.375 0.414062 0.373864 0.416992 0.370455 0.416992 0.369318 0.419922 0.365909 0.420898 0.365909 0.426758 0.359091 0.426758 0.357955 0.427734 0.356818 0.427734 0.355682 0.429688 0.353409 0.429688 0.352273 0.435547 0.345455 0.436523 0.345455 0.441406 0.339773 0.442383 0.339773 0.443359 0.338636 0.443359 0.3375 0.447266 0.332955 0.447266 0.331818 0.448242 0.330682 0.448242 0.329545 0.449219 0.328409 0.449219 0.327273 0.451172 0.325 0.451172 0.322727 0.452148 0.321591 0.452148 0.320455 0.453125 0.319318 0.453125 0.318182 0.454102 0.317045 0.454102 0.315909 0.455078 0.314773 0.455078 0.313636 0.456055 0.3125 0.456055 0.311364 0.457031 0.310227 0.457031 0.307955 0.458984 0.305682 0.461914 0.305682 0.461914 0.284091
0 0.955078 0.802273 0.955078 0.838636 0.958984 0.838636 0.961914 0.842045 0.961914 0.843182 0.962891 0.843182 0.964844 0.845455 0.964844 0.846591 0.970703 0.853409 0.97168 0.853409 0.974609 0.856818 0.975586 0.856818 0.977539 0.859091 0.978516 0.859091 0.981445 0.8625 0.982422 0.8625 0.985352 0.865909 0.985352 0.869318 0.999023 0.869318 0.999023 0.802273
0 0.287109 0 0.287109 0.00454545 0.291992 0.00454545 0.293945 0.00681818 0.293945 0.0215909 0.294922 0.0227273 0.294922 0.0238636 0.295898 0.025 0.295898 0.0261364 0.296875 0.0272727 0.296875 0.0284091 0.297852 0.0295455 0.297852 0.0386364 0.296875 0.0397727 0.296875 0.0409091 0.295898 0.0420455 0.295898 0.0431818 0.294922 0.0443182 0.294922 0.0454545 0.293945 0.0465909 0.293945 0.0477273 0.292969 0.0488636 0.292969 0.05 0.291992 0.0511364 0.291992 0.0568182 0.291016 0.0579545 0.291016 0.0602273 0.290039 0.0613636 0.287109 0.0613636 0.287109 0.120455 0.290039 0.120455 0.291992 0.122727 0.291992 0.123864 0.293945 0.126136 0.293945 0.127273 0.295898 0.129545 0.295898 0.130682 0.297852 0.132955 0.297852 0.135227 0.298828 0.136364 0.298828 0.138636 0.299805 0.139773 0.299805 0.142045 0.300781 0.143182 0.300781 0.148864 0.299805 0.15 0.299805 0.153409 0.298828 0.154545 0.298828 0.156818 0.297852 0.157955 0.297852 0.170455 0.298828 0.171591 0.298828 0.172727 0.299805 0.173864 0.299805 0.178409 0.314453 0.178409 0.314453 0.175 0.316406 0.172727 0.317383 0.172727 0.319336 0.170455 0.320312 0.170455 0.324219 0.165909 0.324219 0.164773 0.325195 0.163636 0.325195 0.1625 0.326172 0.161364 0.326172 0.159091 0.327148 0.157955 0.327148 0.155682 0.328125 0.154545 0.328125 0.152273 0.329102 0.151136 0.329102 0.148864 0.330078 0.147727 0.330078 0.145455 0.331055 0.144318 0.331055 0.143182 0.333008 0.140909 0.333008 0.139773 0.334961 0.1375 0.334961 0.136364 0.336914 0.134091 0.336914 0.132955 0.337891 0.131818 0.337891 0.129545 0.338867 0.128409 0.338867 0.126136 0.339844 0.125 0.339844 0.122727 0.34082 0.121591 0.34082 0.118182 0.341797 0.117045 0.341797 0.113636 0.342773 0.1125 0.342773 0.109091 0.34375 0.107955 0.34375 0.102273 0.344727 0.101136 0.344727 0.0988636 0.345703 0.0977273 0.348633 0.0977273 0.348633 0.0875 0.345703 0.0875 0.344727 0.0863636 0.344727 0.0784091 0.34375 0.0772727 0.34375 0.0727273 0.342773 0.0715909 0.342773 0.0693182 0.341797 0.0681818 0.341797 0.0659091 0.34082 0.0647727 0.34082 0.0613636 0.339844 0.0602273 0.339844 0.0534091 0.338867 0.0522727 0.338867 0.0465909 0.337891 0.0454545 0.337891 0.0431818 0.336914 0.0420455 0.336914 0.0409091 0.335938 0.0397727 0.335938 0.0386364 0.334961 0.0375 0.334961 0.0363636 0.333008 0.0340909 0.333008 0.0306818 0.332031 0.0295455 0.332031 0.0284091 0.333008 0.0272727 0.333008 0.0261364 0.333984 0.025 0.334961 0.0261364 0.334961 0.0272727 0.335938 0.0272727 0.338867 0.0306818 0.339844 0.0306818 0.34082 0.0318182 0.341797 0.0318182 0.345703 0.0363636 0.348633 0.0363636 0.348633 0.0102273 0.345703 0.0102273 0.342773 0.00681818 0.341797 0.00681818 0.338867 0.00340909 0.337891 0.00340909 0.335938 0.00113636 0.335938 0
1 0.53125 0.520455 0.53125 0.523864 0.530273 0.525 0.529297 0.525 0.52832 0.526136 0.523438 0.526136 0.522461 0.527273 0.516602 0.527273 0.515625 0.528409 0.509766 0.528409 0.508789 0.529545 0.505859 0.529545 0.504883 0.530682 0.50293 0.530682 0.501953 0.531818 0.499023 0.531818 0.498047 0.532955 0.494141 0.532955 0.494141 0.546591 0.498047 0.546591 0.499023 0.547727 0.500977 0.547727 0.501953 0.548864 0.503906 0.548864 0.504883 0.55 0.505859 0.55 0.506836 0.551136 0.507812 0.551136 0.508789 0.552273 0.511719 0.552273 0.512695 0.553409 0.515625 0.553409 0.516602 0.554545 0.526367 0.554545 0.527344 0.553409 0.543945 0.553409 0.544922 0.554545 0.55957 0.554545 0.560547 0.555682 0.564453 0.555682 0.56543 0.556818 0.568359 0.556818 0.569336 0.557955 0.574219 0.557955 0.575195 0.559091 0.581055 0.559091 0.582031 0.560227 0.585938 0.560227 0.586914 0.559091 0.589844 0.559091 0.591797 0.561364 0.591797 0.564773 0.610352 0.564773 0.610352 0.554545 0.605469 0.554545 0.605469 0.555682 0.604492 0.556818 0.602539 0.556818 0.601562 0.557955 0.592773 0.557955 0.591797 0.556818 0.59375 0.554545 0.595703 0.554545 0.59668 0.553409 0.598633 0.553409 0.600586 0.551136 0.601562 0.551136 0.604492 0.547727 0.602539 0.545455 0.602539 0.544318 0.59668 0.5375 0.595703 0.5375 0.594727 0.536364 0.59375 0.536364 0.592773 0.535227 0.591797 0.535227 0.589844 0.532955 0.588867 0.532955 0.587891 0.531818 0.585938 0.531818 0.584961 0.530682 0.583984 0.530682 0.583008 0.529545 0.582031 0.529545 0.580078 0.527273 0.579102 0.527273 0.578125 0.526136 0.577148 0.526136 0.575195 0.523864 0.575195 0.520455
1 0.318359 0.438636 0.318359 0.442045 0.317383 0.443182 0.317383 0.444318 0.314453 0.447727 0.314453 0.45 0.313477 0.451136 0.313477 0.453409 0.3125 0.454545 0.3125 0.456818 0.311523 0.457955 0.311523 0.460227 0.310547 0.461364 0.310547 0.463636 0.306641 0.468182 0.306641 0.469318 0.303711 0.472727 0.303711 0.473864 0.300781 0.477273 0.300781 0.478409 0.299805 0.479545 0.299805 0.480682 0.297852 0.482955 0.297852 0.484091 0.295898 0.486364 0.295898 0.4875 0.291992 0.492045 0.291992 0.493182 0.290039 0.495455 0.289062 0.495455 0.286133 0.498864 0.285156 0.498864 0.28418 0.5 0.283203 0.5 0.282227 0.501136 0.28125 0.501136 0.279297 0.503409 0.279297 0.504545 0.27832 0.505682 0.27832 0.506818 0.273438 0.5125 0.272461 0.5125 0.271484 0.513636 0.270508 0.513636 0.269531 0.514773 0.268555 0.514773 0.266602 0.517045 0.265625 0.517045 0.260742 0.522727 0.260742 0.523864 0.256836 0.528409 0.256836 0.529545 0.25 0.5375 0.25 0.538636 0.249023 0.539773 0.248047 0.539773 0.244141 0.544318 0.243164 0.544318 0.241211 0.546591 0.240234 0.546591 0.238281 0.548864 0.237305 0.548864 0.236328 0.55 0.235352 0.55 0.232422 0.553409 0.231445 0.553409 0.229492 0.555682 0.228516 0.555682 0.227539 0.556818 0.226562 0.556818 0.224609 0.559091 0.223633 0.559091 0.222656 0.560227 0.22168 0.560227 0.220703 0.561364 0.216797 0.561364 0.216797 0.596591 0.24707 0.596591 0.24707 0.593182 0.25 0.589773 0.250977 0.589773 0.25293 0.5875 0.253906 0.5875 0.254883 0.586364 0.255859 0.586364 0.259766 0.581818 0.260742 0.581818 0.268555 0.572727 0.269531 0.572727 0.277344 0.563636 0.277344 0.5625 0.283203 0.555682 0.283203 0.554545 0.286133 0.551136 0.286133 0.55 0.288086 0.547727 0.288086 0.546591 0.291992 0.542045 0.291992 0.540909 0.297852 0.534091 0.298828 0.534091 0.302734 0.529545 0.302734 0.528409 0.308594 0.521591 0.30957 0.521591 0.311523 0.519318 0.3125 0.519318 0.314453 0.517045 0.31543 0.517045 0.322266 0.509091 0.322266 0.507955 0.324219 0.505682 0.324219 0.503409 0.325195 0.502273 0.325195 0.5 0.326172 0.498864 0.326172 0.497727 0.327148 0.496591 0.327148 0.494318 0.328125 0.493182 0.328125 0.492045 0.329102 0.490909 0.329102 0.488636 0.330078 0.4875 0.330078 0.486364 0.331055 0.485227 0.331055 0.482955 0.332031 0.481818 0.332031 0.480682 0.333008 0.479545 0.333008 0.478409 0.333984 0.477273 0.333984 0.475 0.334961 0.473864 0.334961 0.472727 0.335938 0.471591 0.335938 0.470455 0.336914 0.469318 0.336914 0.468182 0.337891 0.467045 0.337891 0.464773 0.338867 0.463636 0.338867 0.4625 0.339844 0.461364 0.339844 0.460227 0.341797 0.457955 0.341797 0.456818 0.345703 0.452273 0.348633 0.452273 0.348633 0.438636
1 0.587891 0.556818 0.587891 0.575 0.591797 0.575 0.595703 0.579545 0.59668 0.579545 0.597656 0.580682 0.598633 0.580682 0.600586 0.582955 0.601562 0.582955 0.604492 0.586364 0.605469 0.586364 0.607422 0.588636 0.609375 0.588636 0.610352 0.589773 0.611328 0.589773 0.612305 0.590909 0.613281 0.590909 0.614258 0.592045 0.615234 0.592045 0.616211 0.593182 0.617188 0.593182 0.619141 0.595455 0.620117 0.595455 0.62207 0.597727 0.62207 0.601136 0.645508 0.601136 0.645508 0.595455 0.641602 0.595455 0.640625 0.594318 0.640625 0.592045 0.642578 0.589773 0.645508 0.589773 0.645508 0.581818 0.642578 0.581818 0.640625 0.579545 0.640625 0.578409 0.638672 0.576136 0.638672 0.575 0.632812 0.568182 0.631836 0.568182 0.62793 0.563636 0.626953 0.563636 0.624023 0.560227 0.624023 0.556818
1 0.701172 0.725 0.701172 0.743182 0.705078 0.743182 0.714844 0.754545 0.71582 0.754545 0.717773 0.756818 0.717773 0.757955 0.71875 0.759091 0.719727 0.759091 0.72168 0.761364 0.72168 0.7625 0.723633 0.764773 0.724609 0.764773 0.730469 0.771591 0.731445 0.771591 0.734375 0.775 0.735352 0.775 0.736328 0.776136 0.737305 0.776136 0.739258 0.778409 0.740234 0.778409 0.741211 0.779545 0.742188 0.779545 0.743164 0.780682 0.744141 0.780682 0.745117 0.781818 0.746094 0.781818 0.74707 0.782955 0.748047 0.782955 0.749023 0.784091 0.750977 0.784091 0.751953 0.785227 0.753906 0.785227 0.754883 0.786364 0.760742 0.786364 0.761719 0.785227 0.763672 0.785227 0.765625 0.782955 0.766602 0.782955 0.769531 0.779545 0.769531 0.778409 0.771484 0.776136 0.774414 0.776136 0.774414 0.765909 0.770508 0.765909 0.769531 0.764773 0.769531 0.763636 0.764648 0.757955 0.763672 0.757955 0.756836 0.75 0.755859 0.75 0.751953 0.745455 0.750977 0.745455 0.74707 0.740909 0.746094 0.740909 0.743164 0.7375 0.742188 0.7375 0.740234 0.735227 0.739258 0.735227 0.733398 0.728409 0.733398 0.725
1 0.642578 0.275 0.642578 0.447727 0.645508 0.447727 0.648438 0.451136 0.648438 0.455682 0.658203 0.455682 0.658203 0.452273 0.663086 0.446591 0.663086 0.445455 0.666016 0.442045 0.666016 0.440909 0.666992 0.439773 0.666992 0.438636 0.667969 0.4375 0.667969 0.436364 0.668945 0.435227 0.668945 0.434091 0.669922 0.432955 0.669922 0.430682 0.670898 0.429545 0.670898 0.427273 0.671875 0.426136 0.671875 0.422727 0.673828 0.420455 0.676758 0.420455 0.676758 0.406818 0.673828 0.406818 0.672852 0.405682 0.672852 0.404545 0.671875 0.403409 0.671875 0.401136 0.672852 0.4 0.672852 0.397727 0.673828 0.396591 0.676758 0.396591 0.676758 0.317045 0.673828 0.317045 0.672852 0.315909 0.672852 0.313636 0.671875 0.3125 0.671875 0.306818 0.670898 0.305682 0.670898 0.303409 0.669922 0.302273 0.669922 0.301136 0.668945 0.3 0.668945 0.298864 0.666992 0.296591 0.666992 0.295455 0.665039 0.293182 0.665039 0.292045 0.664062 0.290909 0.664062 0.289773 0.662109 0.2875 0.662109 0.286364 0.661133 0.285227 0.661133 0.284091 0.660156 0.282955 0.660156 0.281818 0.65918 0.280682 0.65918 0.279545 0.658203 0.278409 0.658203 0.275
0 0.0878906 0.738636 0.0878906 0.742045 0.0869141 0.743182 0.0839844 0.743182 0.0839844 0.798864 0.0869141 0.798864 0.0888672 0.801136 0.0888672 0.802273 0.0898438 0.803409 0.0898438 0.805682 0.0908203 0.806818 0.0908203 0.807955 0.0917969 0.809091 0.0917969 0.810227 0.0927734 0.811364 0.0927734 0.813636 0.09375 0.814773 0.09375 0.817045 0.0947266 0.818182 0.0947266 0.819318 0.0957031 0.820455 0.0957031 0.822727 0.0966797 0.823864 0.0966797 0.825 0.0976562 0.826136 0.0976562 0.828409 0.0986328 0.829545 0.0986328 0.830682 0.0996094 0.831818 0.0996094 0.834091 0.100586 0.835227 0.100586 0.836364 0.101562 0.8375 0.101562 0.838636 0.102539 0.839773 0.102539 0.842045 0.103516 0.843182 0.103516 0.845455 0.104492 0.846591 0.104492 0.848864 0.105469 0.85 0.105469 0.851136 0.106445 0.852273 0.106445 0.854545 0.107422 0.855682 0.107422 0.856818 0.108398 0.857955 0.108398 0.859091 0.109375 0.860227 0.109375 0.8625 0.110352 0.863636 0.110352 0.864773 0.114258 0.869318 0.114258 0.873864 0.148438 0.873864 0.148438 0.870455 0.150391 0.868182 0.152344 0.868182 0.15332 0.867045 0.157227 0.867045 0.157227 0.856818 0.154297 0.856818 0.151367 0.853409 0.151367 0.852273 0.150391 0.851136 0.150391 0.85 0.149414 0.848864 0.149414 0.846591 0.148438 0.845455 0.148438 0.842045 0.147461 0.840909 0.147461 0.836364 0.146484 0.835227 0.146484 0.831818 0.145508 0.830682 0.145508 0.827273 0.144531 0.826136 0.144531 0.822727 0.143555 0.821591 0.143555 0.819318 0.142578 0.818182 0.142578 0.815909 0.141602 0.814773 0.141602 0.813636 0.140625 0.8125 0.140625 0.811364 0.139648 0.810227 0.139648 0.809091 0.138672 0.807955 0.138672 0.805682 0.137695 0.804545 0.137695 0.803409 0.136719 0.802273 0.136719 0.801136 0.135742 0.8 0.135742 0.798864 0.134766 0.797727 0.134766 0.796591 0.131836 0.793182 0.131836 0.792045 0.12793 0.7875 0.12793 0.786364 0.125977 0.784091 0.125977 0.782955 0.125 0.781818 0.125 0.780682 0.123047 0.778409 0.123047 0.777273 0.121094 0.775 0.121094 0.773864 0.119141 0.771591 0.119141 0.770455 0.117188 0.768182 0.116211 0.768182 0.112305 0.763636 0.111328 0.763636 0.103516 0.754545 0.103516 0.753409 0.100586 0.75 0.100586 0.748864 0.0986328 0.746591 0.0986328 0.744318 0.0976562 0.743182 0.0976562 0.738636
1 0.361328 0.511364 0.361328 0.514773 0.360352 0.515909 0.358398 0.515909 0.357422 0.517045 0.353516 0.517045 0.352539 0.518182 0.352539 0.519318 0.351562 0.520455 0.349609 0.520455 0.348633 0.521591 0.347656 0.521591 0.344727 0.525 0.34375 0.525 0.342773 0.526136 0.34082 0.526136 0.339844 0.527273 0.338867 0.527273 0.337891 0.528409 0.336914 0.528409 0.334961 0.530682 0.333984 0.530682 0.332031 0.532955 0.331055 0.532955 0.322266 0.543182 0.321289 0.543182 0.311523 0.554545 0.311523 0.555682 0.307617 0.560227 0.307617 0.561364 0.298828 0.571591 0.294922 0.571591 0.294922 0.594318 0.297852 0.594318 0.298828 0.595455 0.299805 0.595455 0.300781 0.596591 0.300781 0.601136 0.330078 0.601136 0.330078 0.597727 0.332031 0.595455 0.333008 0.595455 0.333984 0.594318 0.334961 0.594318 0.335938 0.593182 0.336914 0.593182 0.337891 0.592045 0.338867 0.592045 0.34082 0.589773 0.341797 0.589773 0.342773 0.588636 0.34375 0.588636 0.344727 0.5875 0.345703 0.5875 0.347656 0.585227 0.348633 0.585227 0.350586 0.582955 0.351562 0.582955 0.353516 0.580682 0.354492 0.580682 0.356445 0.578409 0.357422 0.578409 0.358398 0.577273 0.359375 0.577273 0.360352 0.576136 0.361328 0.576136 0.363281 0.573864 0.364258 0.573864 0.365234 0.572727 0.366211 0.572727 0.369141 0.569318 0.370117 0.569318 0.373047 0.565909 0.374023 0.565909 0.376953 0.5625 0.37793 0.5625 0.382812 0.556818 0.383789 0.556818 0.391602 0.547727 0.391602 0.546591 0.393555 0.544318 0.393555 0.543182 0.394531 0.542045 0.394531 0.540909 0.395508 0.539773 0.395508 0.5375 0.396484 0.536364 0.396484 0.535227 0.397461 0.534091 0.397461 0.530682 0.398438 0.529545 0.398438 0.522727 0.399414 0.521591 0.399414 0.519318 0.398438 0.518182 0.398438 0.511364
1 0.322266 0.434091 0.322266 0.438636 0.318359 0.443182 0.318359 0.444318 0.31543 0.447727 0.31543 0.448864 0.314453 0.45 0.314453 0.451136 0.313477 0.452273 0.313477 0.454545 0.3125 0.455682 0.3125 0.456818 0.311523 0.457955 0.311523 0.460227 0.310547 0.461364 0.310547 0.463636 0.307617 0.467045 0.307617 0.468182 0.304688 0.471591 0.304688 0.472727 0.301758 0.476136 0.301758 0.477273 0.299805 0.479545 0.299805 0.480682 0.298828 0.481818 0.298828 0.482955 0.295898 0.486364 0.295898 0.4875 0.293945 0.489773 0.293945 0.490909 0.290039 0.495455 0.287109 0.495455 0.287109 0.528409 0.305664 0.528409 0.305664 0.525 0.30957 0.520455 0.310547 0.520455 0.3125 0.518182 0.313477 0.518182 0.320312 0.510227 0.320312 0.509091 0.322266 0.506818 0.322266 0.505682 0.323242 0.504545 0.323242 0.502273 0.324219 0.501136 0.324219 0.5 0.325195 0.498864 0.325195 0.496591 0.326172 0.495455 0.326172 0.494318 0.327148 0.493182 0.327148 0.492045 0.328125 0.490909 0.328125 0.488636 0.329102 0.4875 0.329102 0.486364 0.330078 0.485227 0.330078 0.482955 0.331055 0.481818 0.331055 0.479545 0.332031 0.478409 0.332031 0.477273 0.333008 0.476136 0.333008 0.475 0.333984 0.473864 0.333984 0.472727 0.334961 0.471591 0.334961 0.470455 0.335938 0.469318 0.335938 0.468182 0.336914 0.467045 0.336914 0.464773 0.337891 0.463636 0.337891 0.4625 0.338867 0.461364 0.338867 0.460227 0.339844 0.459091 0.339844 0.457955 0.342773 0.454545 0.342773 0.453409 0.345703 0.45 0.348633 0.45 0.348633 0.434091
0 0.0078125 0.138636 0.0078125 0.143182 0.00683594 0.144318 0.00683594 0.145455 0.00585938 0.146591 0.00585938 0.147727 0.00488281 0.148864 0.00488281 0.15 0.00390625 0.151136 0.00390625 0.152273 0.00292969 0.153409 0.00292969 0.156818 0.00195312 0.157955 0 0.157955 0 0.276136 0.00292969 0.276136 0.00390625 0.275 0.00585938 0.275 0.0078125 0.272727 0.00878906 0.272727 0.00976562 0.271591 0.0107422 0.271591 0.0117188 0.270455 0.0126953 0.270455 0.0136719 0.269318 0.0146484 0.269318 0.0166016 0.267045 0.0175781 0.267045 0.0185547 0.265909 0.0195312 0.265909 0.0214844 0.263636 0.0224609 0.263636 0.0253906 0.260227 0.0263672 0.260227 0.0283203 0.257955 0.0283203 0.256818 0.0302734 0.254545 0.0302734 0.253409 0.03125 0.252273 0.03125 0.251136 0.0332031 0.248864 0.0332031 0.246591 0.0341797 0.245455 0.0341797 0.244318 0.0351562 0.243182 0.0351562 0.240909 0.0361328 0.239773 0.0361328 0.2375 0.0371094 0.236364 0.0371094 0.231818 0.0380859 0.230682 0.0380859 0.226136 0.0390625 0.225 0.0390625 0.221591 0.0400391 0.220455 0.0400391 0.217045 0.0410156 0.215909 0.0410156 0.2125 0.0419922 0.211364 0.0419922 0.207955 0.0429688 0.206818 0.0429688 0.197727 0.0439453 0.196591 0.0439453 0.1875 0.0449219 0.186364 0.0449219 0.181818 0.0458984 0.180682 0.0458984 0.177273 0.046875 0.176136 0.046875 0.173864 0.0488281 0.171591 0.0517578 0.171591 0.0517578 0.138636
