0 0.254883 0.789062 0.254883 0.792969 0.253906 0.794271 0.25293 0.794271 0.251953 0.795573 0.249023 0.795573 0.248047 0.796875 0.244141 0.796875 0.244141 0.839844 0.248047 0.839844 0.249023 0.841146 0.250977 0.841146 0.251953 0.842448 0.25293 0.842448 0.254883 0.845052 0.255859 0.845052 0.256836 0.846354 0.257812 0.846354 0.259766 0.848958 0.260742 0.848958 0.263672 0.852865 0.264648 0.852865 0.267578 0.856771 0.268555 0.856771 0.271484 0.860677 0.272461 0.860677 0.274414 0.863281 0.275391 0.863281 0.276367 0.864583 0.277344 0.864583 0.279297 0.867188 0.280273 0.867188 0.28125 0.86849 0.283203 0.86849 0.28418 0.869792 0.285156 0.869792 0.286133 0.871094 0.287109 0.871094 0.288086 0.872396 0.289062 0.872396 0.290039 0.873698 0.291016 0.873698 0.291992 0.875 0.292969 0.875 0.293945 0.876302 0.294922 0.876302 0.295898 0.877604 0.297852 0.877604 0.298828 0.878906 0.299805 0.878906 0.300781 0.880208 0.302734 0.880208 0.304688 0.882812 0.304688 0.886719 0.336914 0.886719 0.336914 0.882812 0.337891 0.88151 0.339844 0.88151 0.34082 0.880208 0.347656 0.880208 0.348633 0.878906 0.354492 0.878906 0.355469 0.877604 0.357422 0.877604 0.358398 0.876302 0.360352 0.876302 0.362305 0.873698 0.363281 0.873698 0.364258 0.872396 0.365234 0.872396 0.368164 0.86849 0.369141 0.86849 0.374023 0.861979 0.374023 0.860677 0.376953 0.856771 0.379883 0.856771 0.379883 0.838542 0.376953 0.838542 0.368164 0.826823 0.367188 0.826823 0.365234 0.824219 0.364258 0.824219 0.362305 0.821615 0.361328 0.821615 0.359375 0.81901 0.358398 0.81901 0.356445 0.816406 0.355469 0.816406 0.353516 0.813802 0.352539 0.813802 0.351562 0.8125 0.350586 0.8125 0.348633 0.809896 0.347656 0.809896 0.345703 0.807292 0.344727 0.807292 0.342773 0.804688 0.341797 0.804688 0.339844 0.802083 0.338867 0.802083 0.337891 0.800781 0.336914 0.800781 0.333984 0.796875 0.333008 0.796875 0.330078 0.792969 0.330078 0.789062
0 0.164062 0.861979 0.164062 0.865885 0.162109 0.86849 0.161133 0.86849 0.160156 0.869792 0.15918 0.869792 0.158203 0.871094 0.157227 0.871094 0.15625 0.872396 0.155273 0.872396 0.154297 0.873698 0.15332 0.873698 0.152344 0.875 0.151367 0.875 0.150391 0.876302 0.146484 0.876302 0.146484 0.911458 0.150391 0.911458 0.151367 0.91276 0.15332 0.91276 0.154297 0.914062 0.155273 0.914062 0.15625 0.915365 0.157227 0.915365 0.158203 0.916667 0.15918 0.916667 0.160156 0.917969 0.161133 0.917969 0.163086 0.920573 0.164062 0.920573 0.165039 0.921875 0.166016 0.921875 0.166992 0.923177 0.167969 0.923177 0.168945 0.924479 0.169922 0.924479 0.170898 0.925781 0.172852 0.925781 0.173828 0.927083 0.176758 0.927083 0.177734 0.928385 0.179688 0.928385 0.180664 0.929688 0.182617 0.929688 0.183594 0.93099 0.186523 0.93099 0.1875 0.932292 0.191406 0.932292 0.192383 0.933594 0.195312 0.933594 0.196289 0.934896 0.199219 0.934896 0.200195 0.936198 0.205078 0.936198 0.206055 0.9375 0.208984 0.9375 0.209961 0.938802 0.211914 0.938802 0.212891 0.940104 0.216797 0.940104 0.217773 0.941406 0.22168 0.941406 0.222656 0.942708 0.226562 0.942708 0.227539 0.94401 0.230469 0.94401 0.231445 0.945312 0.232422 0.945312 0.233398 0.946615 0.235352 0.946615 0.236328 0.947917 0.237305 0.947917 0.238281 0.949219 0.239258 0.949219 0.241211 0.951823 0.242188 0.951823 0.243164 0.953125 0.244141 0.953125 0.245117 0.954427 0.246094 0.954427 0.248047 0.957031 0.249023 0.957031 0.25 0.958333 0.250977 0.958333 0.25293 0.960938 0.253906 0.960938 0.255859 0.963542 0.256836 0.963542 0.257812 0.964844 0.258789 0.964844 0.259766 0.966146 0.260742 0.966146 0.261719 0.967448 0.264648 0.967448 0.265625 0.96875 0.267578 0.96875 0.268555 0.970052 0.271484 0.970052 0.272461 0.971354 0.276367 0.971354 0.277344 0.972656 0.288086 0.972656 0.289062 0.973958 0.294922 0.973958 0.295898 0.972656 0.303711 0.972656 0.304688 0.971354 0.307617 0.971354 0.308594 0.970052 0.310547 0.970052 0.311523 0.96875 0.3125 0.96875 0.313477 0.967448 0.314453 0.967448 0.31543 0.966146 0.317383 0.966146 0.318359 0.964844 0.319336 0.964844 0.320312 0.963542 0.322266 0.963542 0.323242 0.96224 0.325195 0.96224 0.326172 0.960938 0.329102 0.960938 0.330078 0.959635 0.332031 0.959635 0.333008 0.958333 0.333984 0.958333 0.334961 0.957031 0.335938 0.957031 0.336914 0.955729 0.338867 0.955729 0.339844 0.954427 0.34082 0.954427 0.341797 0.953125 0.342773 0.953125 0.344727 0.950521 0.348633 0.950521 0.348633 0.923177 0.344727 0.923177 0.342773 0.920573 0.342773 0.919271 0.336914 0.911458 0.335938 0.911458 0.332031 0.90625 0.331055 0.90625 0.328125 0.902344 0.327148 0.902344 0.326172 0.901042 0.325195 0.901042 0.323242 0.898438 0.322266 0.898438 0.321289 0.897135 0.320312 0.897135 0.318359 0.894531 0.317383 0.894531 0.316406 0.893229 0.31543 0.893229 0.313477 0.890625 0.3125 0.890625 0.311523 0.889323 0.30957 0.889323 0.308594 0.888021 0.307617 0.888021 0.306641 0.886719 0.304688 0.886719 0.303711 0.885417 0.302734 0.885417 0.301758 0.884115 0.299805 0.884115 0.298828 0.882812 0.296875 0.882812 0.295898 0.88151 0.293945 0.88151 0.292969 0.880208 0.291992 0.880208 0.291016 0.878906 0.288086 0.878906 0.287109 0.877604 0.285156 0.877604 0.28418 0.876302 0.282227 0.876302 0.28125 0.875 0.280273 0.875 0.279297 0.873698 0.277344 0.873698 0.276367 0.872396 0.273438 0.872396 0.272461 0.871094 0.254883 0.871094 0.253906 0.872396 0.236328 0.872396 0.235352 0.871094 0.231445 0.871094 0.230469 0.869792 0.227539 0.869792 0.226562 0.86849 0.223633 0.86849 0.22168 0.865885 0.22168 0.861979
1 0.959961 0.283854 0.959961 0.28776 0.954102 0.295573 0.953125 0.295573 0.951172 0.298177 0.950195 0.298177 0.948242 0.300781 0.947266 0.300781 0.945312 0.303385 0.944336 0.303385 0.938477 0.311198 0.9375 0.311198 0.933594 0.316406 0.932617 0.316406 0.927734 0.322917 0.926758 0.322917 0.925781 0.324219 0.925781 0.325521 0.924805 0.326823 0.923828 0.326823 0.911133 0.34375 0.910156 0.34375 0.897461 0.360677 0.897461 0.361979 0.893555 0.367188 0.893555 0.36849 0.890625 0.372396 0.890625 0.373698 0.887695 0.377604 0.887695 0.378906 0.886719 0.380208 0.886719 0.38151 0.885742 0.382812 0.885742 0.384115 0.884766 0.385417 0.884766 0.386719 0.883789 0.388021 0.883789 0.389323 0.882812 0.390625 0.882812 0.393229 0.880859 0.395833 0.880859 0.397135 0.879883 0.398438 0.879883 0.39974 0.878906 0.401042 0.878906 0.402344 0.876953 0.404948 0.876953 0.40625 0.875 0.408854 0.875 0.410156 0.874023 0.411458 0.874023 0.41276 0.87207 0.415365 0.87207 0.416667 0.870117 0.419271 0.870117 0.420573 0.868164 0.423177 0.868164 0.424479 0.865234 0.428385 0.861328 0.428385 0.861328 0.46875 0.865234 0.46875 0.867188 0.471354 0.867188 0.47526 0.879883 0.47526 0.879883 0.470052 0.894531 0.450521 0.895508 0.450521 0.899414 0.445312 0.900391 0.445312 0.901367 0.44401 0.902344 0.44401 0.904297 0.441406 0.905273 0.441406 0.913086 0.43099 0.913086 0.429688 0.915039 0.427083 0.915039 0.425781 0.916992 0.423177 0.916992 0.421875 0.920898 0.416667 0.920898 0.415365 0.924805 0.410156 0.925781 0.410156 0.927734 0.407552 0.929688 0.407552 0.930664 0.40625 0.93457 0.40625 0.935547 0.404948 0.938477 0.404948 0.939453 0.403646 0.94043 0.403646 0.941406 0.402344 0.942383 0.402344 0.948242 0.394531 0.948242 0.393229 0.951172 0.389323 0.951172 0.388021 0.954102 0.384115 0.954102 0.382812 0.955078 0.38151 0.955078 0.380208 0.956055 0.378906 0.956055 0.376302 0.958008 0.373698 0.958008 0.372396 0.958984 0.371094 0.958984 0.369792 0.959961 0.36849 0.959961 0.367188 0.961914 0.364583 0.961914 0.363281 0.962891 0.361979 0.962891 0.360677 0.963867 0.359375 0.963867 0.358073 0.96582 0.355469 0.96582 0.354167 0.967773 0.351562 0.967773 0.35026 0.970703 0.346354 0.970703 0.345052 0.974609 0.339844 0.974609 0.338542 0.978516 0.333333 0.978516 0.332031 0.980469 0.329427 0.980469 0.328125 0.982422 0.325521 0.985352 0.325521 0.985352 0.296875 0.982422 0.296875 0.981445 0.295573 0.981445 0.294271 0.980469 0.292969 0.980469 0.283854
1 0.363281 0.585938 0.363281 0.589844 0.361328 0.592448 0.360352 0.592448 0.358398 0.595052 0.357422 0.595052 0.356445 0.596354 0.355469 0.596354 0.354492 0.597656 0.353516 0.597656 0.352539 0.598958 0.351562 0.598958 0.350586 0.60026 0.348633 0.60026 0.347656 0.601562 0.345703 0.601562 0.344727 0.602865 0.34375 0.602865 0.342773 0.604167 0.339844 0.604167 0.338867 0.605469 0.336914 0.605469 0.334961 0.608073 0.333984 0.608073 0.333008 0.609375 0.332031 0.609375 0.330078 0.611979 0.329102 0.611979 0.328125 0.613281 0.327148 0.613281 0.323242 0.61849 0.323242 0.619792 0.320312 0.623698 0.319336 0.623698 0.316406 0.627604 0.316406 0.628906 0.313477 0.632812 0.3125 0.632812 0.308594 0.638021 0.308594 0.639323 0.307617 0.640625 0.307617 0.641927 0.305664 0.644531 0.304688 0.644531 0.303711 0.645833 0.298828 0.645833 0.298828 0.688802 0.327148 0.688802 0.327148 0.684896 0.328125 0.683594 0.329102 0.683594 0.330078 0.682292 0.331055 0.682292 0.332031 0.68099 0.333008 0.68099 0.333984 0.679688 0.335938 0.679688 0.336914 0.678385 0.337891 0.678385 0.339844 0.675781 0.34082 0.675781 0.341797 0.674479 0.342773 0.674479 0.34375 0.673177 0.344727 0.673177 0.345703 0.671875 0.34668 0.671875 0.347656 0.670573 0.348633 0.670573 0.349609 0.669271 0.350586 0.669271 0.352539 0.666667 0.353516 0.666667 0.354492 0.665365 0.355469 0.665365 0.357422 0.66276 0.358398 0.66276 0.359375 0.661458 0.360352 0.661458 0.361328 0.660156 0.362305 0.660156 0.364258 0.657552 0.365234 0.657552 0.366211 0.65625 0.367188 0.65625 0.370117 0.652344 0.371094 0.652344 0.375977 0.645833 0.376953 0.645833 0.391602 0.626302 0.391602 0.625 0.392578 0.623698 0.392578 0.622396 0.393555 0.621094 0.393555 0.619792 0.394531 0.61849 0.394531 0.617188 0.395508 0.615885 0.395508 0.614583 0.396484 0.613281 0.399414 0.613281 0.399414 0.585938
1 0.454102 0.440104 0.454102 0.44401 0.451172 0.447917 0.450195 0.447917 0.447266 0.451823 0.446289 0.451823 0.445312 0.453125 0.444336 0.453125 0.443359 0.454427 0.442383 0.454427 0.441406 0.455729 0.44043 0.455729 0.439453 0.457031 0.438477 0.457031 0.4375 0.458333 0.436523 0.458333 0.435547 0.459635 0.43457 0.459635 0.433594 0.460938 0.432617 0.460938 0.431641 0.46224 0.429688 0.46224 0.428711 0.463542 0.426758 0.463542 0.425781 0.464844 0.422852 0.464844 0.421875 0.466146 0.418945 0.466146 0.417969 0.467448 0.416992 0.467448 0.416016 0.46875 0.415039 0.46875 0.413086 0.471354 0.412109 0.471354 0.410156 0.473958 0.40918 0.473958 0.408203 0.47526 0.407227 0.47526 0.40625 0.476562 0.405273 0.476562 0.40332 0.479167 0.402344 0.479167 0.401367 0.480469 0.400391 0.480469 0.398438 0.483073 0.396484 0.483073 0.395508 0.484375 0.394531 0.484375 0.392578 0.486979 0.391602 0.486979 0.390625 0.488281 0.388672 0.488281 0.387695 0.489583 0.386719 0.489583 0.384766 0.492188 0.383789 0.492188 0.382812 0.49349 0.381836 0.49349 0.380859 0.494792 0.378906 0.494792 0.37793 0.496094 0.376953 0.496094 0.375977 0.497396 0.375 0.497396 0.374023 0.498698 0.373047 0.498698 0.37207 0.5 0.371094 0.5 0.369141 0.502604 0.368164 0.502604 0.367188 0.503906 0.366211 0.503906 0.364258 0.50651 0.363281 0.50651 0.361328 0.509115 0.360352 0.509115 0.358398 0.511719 0.357422 0.511719 0.355469 0.514323 0.354492 0.514323 0.350586 0.519531 0.349609 0.519531 0.34668 0.523438 0.34668 0.52474 0.34082 0.532552 0.34082 0.533854 0.338867 0.536458 0.338867 0.53776 0.336914 0.540365 0.336914 0.541667 0.335938 0.542969 0.335938 0.544271 0.333984 0.546875 0.333984 0.548177 0.333008 0.549479 0.333008 0.550781 0.332031 0.552083 0.332031 0.553385 0.331055 0.554688 0.331055 0.55599 0.330078 0.557292 0.330078 0.558594 0.329102 0.559896 0.329102 0.561198 0.328125 0.5625 0.328125 0.563802 0.327148 0.565104 0.327148 0.566406 0.326172 0.567708 0.322266 0.567708 0.322266 0.598958 0.325195 0.598958 0.327148 0.601562 0.327148 0.605469 0.341797 0.605469 0.341797 0.601562 0.34375 0.598958 0.34668 0.598958 0.347656 0.597656 0.350586 0.597656 0.351562 0.596354 0.353516 0.596354 0.354492 0.595052 0.355469 0.595052 0.356445 0.59375 0.357422 0.59375 0.358398 0.592448 0.359375 0.592448 0.360352 0.591146 0.361328 0.591146 0.362305 0.589844 0.363281 0.589844 0.364258 0.588542 0.365234 0.588542 0.366211 0.58724 0.368164 0.58724 0.369141 0.585938 0.371094 0.585938 0.37207 0.584635 0.374023 0.584635 0.375 0.583333 0.37793 0.583333 0.378906 0.582031 0.381836 0.582031 0.382812 0.580729 0.386719 0.580729 0.387695 0.579427 0.389648 0.579427 0.390625 0.578125 0.391602 0.578125 0.392578 0.576823 0.395508 0.576823 0.396484 0.575521 0.397461 0.575521 0.398438 0.574219 0.400391 0.574219 0.401367 0.572917 0.402344 0.572917 0.40332 0.571615 0.404297 0.571615 0.40625 0.56901 0.407227 0.56901 0.40918 0.566406 0.410156 0.566406 0.411133 0.565104 0.412109 0.565104 0.413086 0.563802 0.414062 0.563802 0.415039 0.5625 0.416016 0.5625 0.416992 0.561198 0.417969 0.561198 0.418945 0.559896 0.419922 0.559896 0.421875 0.557292 0.422852 0.557292 0.423828 0.55599 0.424805 0.55599 0.425781 0.554688 0.426758 0.554688 0.427734 0.553385 0.428711 0.553385 0.429688 0.552083 0.430664 0.552083 0.431641 0.550781 0.432617 0.550781 0.433594 0.549479 0.43457 0.549479 0.435547 0.548177 0.436523 0.548177 0.4375 0.546875 0.438477 0.546875 0.439453 0.545573 0.44043 0.545573 0.441406 0.544271 0.442383 0.544271 0.443359 0.542969 0.444336 0.542969 0.445312 0.541667 0.447266 0.541667 0.448242 0.540365 0.449219 0.540365 0.450195 0.539062 0.451172 0.539062 0.453125 0.536458 0.454102 0.536458 0.455078 0.535156 0.457031 0.535156 0.458008 0.533854 0.458984 0.533854 0.459961 0.532552 0.460938 0.532552 0.462891 0.529948 0.463867 0.529948 0.464844 0.528646 0.46582 0.528646 0.466797 0.527344 0.467773 0.527344 0.469727 0.52474 0.470703 0.52474 0.472656 0.522135 0.473633 0.522135 0.493164 0.496094 0.493164 0.494792 0.494141 0.49349 0.494141 0.492188 0.495117 0.490885 0.495117 0.489583 0.49707 0.486979 0.49707 0.485677 0.498047 0.484375 0.498047 0.483073 0.499023 0.481771 0.499023 0.479167 0.5 0.477865 0.5 0.476562 0.500977 0.47526 0.500977 0.473958 0.501953 0.472656 0.504883 0.472656 0.504883 0.451823 0.501953 0.451823 0.496094 0.44401 0.496094 0.440104
1 0.670898 0.674479 0.670898 0.678385 0.668945 0.68099 0.667969 0.68099 0.666992 0.682292 0.666016 0.682292 0.665039 0.683594 0.664062 0.683594 0.662109 0.686198 0.661133 0.686198 0.65918 0.688802 0.658203 0.688802 0.65625 0.691406 0.655273 0.691406 0.650391 0.697917 0.649414 0.697917 0.645508 0.703125 0.645508 0.704427 0.642578 0.708333 0.642578 0.709635 0.640625 0.71224 0.640625 0.713542 0.639648 0.714844 0.639648 0.716146 0.637695 0.71875 0.637695 0.721354 0.636719 0.722656 0.636719 0.723958 0.635742 0.72526 0.635742 0.726562 0.634766 0.727865 0.634766 0.729167 0.633789 0.730469 0.633789 0.733073 0.632812 0.734375 0.632812 0.735677 0.631836 0.736979 0.631836 0.739583 0.630859 0.740885 0.630859 0.744792 0.629883 0.746094 0.629883 0.748698 0.628906 0.75 0.628906 0.751302 0.62793 0.752604 0.62793 0.755208 0.626953 0.75651 0.626953 0.757812 0.625977 0.759115 0.625977 0.760417 0.625 0.761719 0.625 0.764323 0.624023 0.765625 0.624023 0.768229 0.623047 0.769531 0.623047 0.772135 0.62207 0.773438 0.62207 0.77474 0.620117 0.777344 0.620117 0.778646 0.619141 0.779948 0.619141 0.78125 0.617188 0.783854 0.617188 0.785156 0.616211 0.786458 0.616211 0.78776 0.613281 0.791667 0.613281 0.792969 0.611328 0.795573 0.610352 0.795573 0.609375 0.796875 0.609375 0.798177 0.606445 0.802083 0.605469 0.802083 0.599609 0.809896 0.599609 0.811198 0.594727 0.817708 0.594727 0.81901 0.588867 0.826823 0.588867 0.828125 0.586914 0.830729 0.586914 0.832031 0.584961 0.834635 0.584961 0.835938 0.583984 0.83724 0.583984 0.838542 0.582031 0.841146 0.582031 0.842448 0.576172 0.85026 0.572266 0.85026 0.572266 0.902344 0.586914 0.902344 0.586914 0.898438 0.589844 0.894531 0.59082 0.894531 0.59375 0.890625 0.594727 0.890625 0.59668 0.888021 0.597656 0.888021 0.599609 0.885417 0.600586 0.885417 0.605469 0.878906 0.606445 0.878906 0.624023 0.855469 0.624023 0.854167 0.626953 0.85026 0.626953 0.848958 0.634766 0.838542 0.634766 0.83724 0.639648 0.830729 0.639648 0.829427 0.642578 0.825521 0.642578 0.824219 0.645508 0.820312 0.645508 0.81901 0.649414 0.813802 0.649414 0.8125 0.651367 0.809896 0.651367 0.808594 0.661133 0.795573 0.662109 0.795573 0.668945 0.786458 0.669922 0.786458 0.670898 0.785156 0.671875 0.785156 0.673828 0.782552 0.674805 0.782552 0.676758 0.779948 0.677734 0.779948 0.678711 0.778646 0.679688 0.778646 0.681641 0.776042 0.682617 0.776042 0.683594 0.77474 0.68457 0.77474 0.685547 0.773438 0.686523 0.773438 0.688477 0.770833 0.689453 0.770833 0.701172 0.755208 0.701172 0.753906 0.703125 0.751302 0.703125 0.75 0.705078 0.747396 0.705078 0.744792 0.706055 0.74349 0.706055 0.742188 0.707031 0.740885 0.707031 0.739583 0.708008 0.738281 0.708008 0.736979 0.708984 0.735677 0.708984 0.734375 0.709961 0.733073 0.709961 0.731771 0.711914 0.729167 0.711914 0.727865 0.712891 0.726562 0.712891 0.72526 0.713867 0.723958 0.713867 0.722656 0.714844 0.721354 0.714844 0.720052 0.716797 0.717448 0.716797 0.716146 0.717773 0.714844 0.717773 0.713542 0.71875 0.71224 0.71875 0.710938 0.719727 0.709635 0.719727 0.708333 0.720703 0.707031 0.720703 0.705729 0.72168 0.704427 0.72168 0.701823 0.722656 0.700521 0.722656 0.699219 0.724609 0.696615 0.727539 0.696615 0.727539 0.674479
1 0.586914 0.549479 0.586914 0.553385 0.585938 0.554688 0.583984 0.554688 0.583008 0.55599 0.574219 0.55599 0.573242 0.557292 0.55957 0.557292 0.558594 0.558594 0.553711 0.558594 0.552734 0.559896 0.548828 0.559896 0.547852 0.561198 0.543945 0.561198 0.542969 0.5625 0.537109 0.5625 0.536133 0.563802 0.530273 0.563802 0.529297 0.565104 0.522461 0.565104 0.521484 0.566406 0.512695 0.566406 0.511719 0.567708 0.507812 0.567708 0.506836 0.56901 0.503906 0.56901 0.50293 0.570312 0.499023 0.570312 0.498047 0.571615 0.496094 0.571615 0.494141 0.574219 0.490234 0.574219 0.490234 0.604167 0.49707 0.604167 0.498047 0.602865 0.50293 0.602865 0.503906 0.601562 0.509766 0.601562 0.510742 0.602865 0.516602 0.602865 0.517578 0.604167 0.530273 0.604167 0.53125 0.602865 0.53418 0.602865 0.535156 0.601562 0.538086 0.601562 0.539062 0.60026 0.541992 0.60026 0.542969 0.598958 0.545898 0.598958 0.546875 0.597656 0.550781 0.597656 0.551758 0.596354 0.574219 0.596354 0.575195 0.595052 0.606445 0.595052 0.607422 0.59375 0.624023 0.59375 0.625 0.592448 0.629883 0.592448 0.630859 0.591146 0.632812 0.591146 0.633789 0.589844 0.635742 0.589844 0.636719 0.588542 0.637695 0.588542 0.638672 0.58724 0.639648 0.58724 0.640625 0.585938 0.641602 0.585938 0.644531 0.582031 0.645508 0.582031 0.650391 0.575521 0.65332 0.575521 0.65332 0.557292 0.650391 0.557292 0.648438 0.554688 0.648438 0.549479
0 0.506836 0.00260417 0.506836 0.0104167 0.505859 0.0117188 0.505859 0.0143229 0.504883 0.015625 0.504883 0.0182292 0.503906 0.0195312 0.503906 0.0208333 0.50293 0.0221354 0.50293 0.0234375 0.501953 0.0247396 0.501953 0.0260417 0.499023 0.0299479 0.499023 0.03125 0.49707 0.0338542 0.49707 0.0351562 0.489258 0.0455729 0.486328 0.0455729 0.486328 0.0872396 0.489258 0.0872396 0.491211 0.0898438 0.492188 0.0898438 0.493164 0.0911458 0.496094 0.0911458 0.49707 0.0898438 0.498047 0.0898438 0.499023 0.0885417 0.5 0.0885417 0.500977 0.0872396 0.503906 0.0911458 0.504883 0.0911458 0.508789 0.0963542 0.508789 0.10026 0.513672 0.10026 0.513672 0.0963542 0.514648 0.0950521 0.515625 0.0950521 0.516602 0.09375 0.517578 0.09375 0.518555 0.0924479 0.520508 0.0924479 0.521484 0.0911458 0.522461 0.0911458 0.523438 0.0898438 0.524414 0.0898438 0.525391 0.0885417 0.527344 0.0885417 0.52832 0.0872396 0.530273 0.0872396 0.53125 0.0859375 0.533203 0.0859375 0.53418 0.0846354 0.536133 0.0846354 0.537109 0.0833333 0.539062 0.0833333 0.540039 0.0820312 0.541992 0.0820312 0.542969 0.0807292 0.544922 0.0807292 0.545898 0.0794271 0.546875 0.0794271 0.547852 0.078125 0.549805 0.078125 0.550781 0.0768229 0.552734 0.0768229 0.553711 0.0755208 0.555664 0.0755208 0.556641 0.0742188 0.558594 0.0742188 0.55957 0.0729167 0.560547 0.0729167 0.561523 0.0716146 0.5625 0.0716146 0.563477 0.0703125 0.564453 0.0703125 0.566406 0.0677083 0.567383 0.0677083 0.570312 0.0638021 0.571289 0.0638021 0.573242 0.0611979 0.574219 0.0611979 0.579102 0.0546875 0.580078 0.0546875 0.587891 0.0442708 0.587891 0.0429688 0.59082 0.0390625 0.59082 0.0377604 0.592773 0.0351562 0.592773 0.0338542 0.59375 0.0325521 0.59375 0.03125 0.594727 0.0299479 0.594727 0.0286458 0.595703 0.0273438 0.595703 0.0247396 0.59668 0.0234375 0.59668 0.0195312 0.597656 0.0182292 0.597656 0.0143229 0.598633 0.0130208 0.598633 0.0104167 0.599609 0.00911458 0.599609 0.00260417
1 0.435547 0.315104 0.435547 0.320312 0.433594 0.322917 0.433594 0.324219 0.432617 0.325521 0.432617 0.326823 0.431641 0.328125 0.431641 0.329427 0.430664 0.330729 0.430664 0.332031 0.429688 0.333333 0.429688 0.334635 0.421875 0.345052 0.420898 0.345052 0.419922 0.346354 0.419922 0.347656 0.416992 0.351562 0.416992 0.352865 0.416016 0.354167 0.416016 0.355469 0.412109 0.360677 0.412109 0.361979 0.411133 0.363281 0.410156 0.363281 0.402344 0.373698 0.401367 0.373698 0.397461 0.378906 0.397461 0.380208 0.395508 0.382812 0.394531 0.382812 0.390625 0.388021 0.389648 0.388021 0.386719 0.391927 0.385742 0.391927 0.382812 0.395833 0.382812 0.397135 0.373047 0.410156 0.37207 0.410156 0.371094 0.411458 0.370117 0.411458 0.368164 0.414062 0.367188 0.414062 0.359375 0.424479 0.359375 0.425781 0.356445 0.429688 0.353516 0.429688 0.353516 0.464844 0.356445 0.464844 0.357422 0.466146 0.359375 0.466146 0.360352 0.467448 0.361328 0.467448 0.362305 0.46875 0.363281 0.46875 0.364258 0.470052 0.365234 0.470052 0.367188 0.472656 0.368164 0.472656 0.369141 0.473958 0.370117 0.473958 0.37207 0.476562 0.37207 0.480469 0.381836 0.480469 0.381836 0.47526 0.382812 0.473958 0.383789 0.473958 0.385742 0.471354 0.386719 0.471354 0.390625 0.466146 0.391602 0.466146 0.393555 0.463542 0.393555 0.46224 0.411133 0.438802 0.411133 0.4375 0.414062 0.433594 0.414062 0.432292 0.416016 0.429688 0.416016 0.428385 0.417969 0.425781 0.417969 0.424479 0.421875 0.419271 0.421875 0.417969 0.426758 0.411458 0.426758 0.410156 0.443359 0.388021 0.443359 0.386719 0.446289 0.382812 0.446289 0.38151 0.447266 0.380208 0.447266 0.378906 0.448242 0.377604 0.448242 0.376302 0.450195 0.373698 0.450195 0.372396 0.452148 0.369792 0.452148 0.36849 0.454102 0.365885 0.454102 0.364583 0.456055 0.361979 0.456055 0.360677 0.457031 0.359375 0.457031 0.356771 0.458008 0.355469 0.458008 0.354167 0.458984 0.352865 0.461914 0.352865 0.461914 0.315104
1 0.720703 0.710938 0.720703 0.716146 0.716797 0.721354 0.716797 0.722656 0.712891 0.727865 0.712891 0.729167 0.711914 0.730469 0.711914 0.731771 0.710938 0.733073 0.710938 0.734375 0.708984 0.736979 0.708984 0.738281 0.708008 0.739583 0.708008 0.740885 0.707031 0.742188 0.707031 0.744792 0.706055 0.746094 0.706055 0.759115 0.705078 0.760417 0.705078 0.763021 0.703125 0.765625 0.702148 0.765625 0.699219 0.769531 0.699219 0.770833 0.698242 0.772135 0.698242 0.773438 0.697266 0.77474 0.697266 0.776042 0.696289 0.777344 0.692383 0.777344 0.691406 0.778646 0.689453 0.778646 0.688477 0.779948 0.686523 0.779948 0.685547 0.78125 0.68457 0.78125 0.683594 0.782552 0.682617 0.782552 0.681641 0.783854 0.680664 0.783854 0.680664 0.785156 0.678711 0.78776 0.677734 0.78776 0.676758 0.789062 0.676758 0.790365 0.674805 0.792969 0.673828 0.792969 0.672852 0.794271 0.671875 0.794271 0.670898 0.795573 0.669922 0.795573 0.667969 0.798177 0.666016 0.798177 0.65918 0.807292 0.658203 0.807292 0.65332 0.813802 0.65332 0.815104 0.651367 0.817708 0.650391 0.817708 0.639648 0.832031 0.639648 0.833333 0.631836 0.84375 0.631836 0.845052 0.625977 0.852865 0.625977 0.854167 0.620117 0.861979 0.620117 0.863281 0.605469 0.882812 0.604492 0.882812 0.600586 0.888021 0.599609 0.888021 0.59668 0.891927 0.595703 0.891927 0.588867 0.901042 0.587891 0.901042 0.586914 0.902344 0.586914 0.903646 0.582031 0.910156 0.582031 0.911458 0.578125 0.916667 0.578125 0.917969 0.576172 0.920573 0.576172 0.921875 0.574219 0.924479 0.574219 0.925781 0.573242 0.927083 0.573242 0.928385 0.571289 0.93099 0.568359 0.93099 0.568359 0.998698 0.584961 0.998698 0.584961 0.997396 0.587891 0.99349 0.588867 0.99349 0.59668 0.983073 0.59668 0.981771 0.598633 0.979167 0.598633 0.977865 0.601562 0.973958 0.601562 0.972656 0.609375 0.96224 0.609375 0.960938 0.612305 0.957031 0.612305 0.955729 0.615234 0.951823 0.615234 0.950521 0.619141 0.945312 0.619141 0.94401 0.624023 0.9375 0.624023 0.936198 0.642578 0.911458 0.643555 0.911458 0.669922 0.876302 0.669922 0.875 0.689453 0.848958 0.689453 0.847656 0.69043 0.846354 0.69043 0.845052 0.692383 0.842448 0.692383 0.841146 0.693359 0.839844 0.693359 0.83724 0.695312 0.834635 0.695312 0.833333 0.697266 0.830729 0.697266 0.829427 0.698242 0.828125 0.698242 0.826823 0.700195 0.824219 0.700195 0.822917 0.703125 0.81901 0.703125 0.817708 0.704102 0.816406 0.704102 0.815104 0.705078 0.813802 0.705078 0.804688 0.704102 0.803385 0.704102 0.800781 0.703125 0.799479 0.703125 0.798177 0.707031 0.792969 0.708008 0.792969 0.71582 0.782552 0.716797 0.782552 0.719727 0.778646 0.720703 0.778646 0.72168 0.777344 0.722656 0.777344 0.726562 0.772135 0.726562 0.770833 0.728516 0.768229 0.728516 0.766927 0.731445 0.763021 0.731445 0.761719 0.740234 0.75 0.740234 0.748698 0.741211 0.747396 0.741211 0.746094 0.743164 0.74349 0.743164 0.742188 0.744141 0.740885 0.744141 0.739583 0.745117 0.738281 0.745117 0.736979 0.746094 0.735677 0.746094 0.734375 0.748047 0.731771 0.750977 0.731771 0.750977 0.720052 0.748047 0.720052 0.745117 0.716146 0.745117 0.710938
1 0.267578 0.335938 0.267578 0.364583 0.272461 0.364583 0.273438 0.365885 0.274414 0.365885 0.275391 0.367188 0.276367 0.367188 0.277344 0.36849 0.27832 0.36849 0.279297 0.369792 0.280273 0.369792 0.28125 0.371094 0.282227 0.371094 0.283203 0.372396 0.28418 0.372396 0.285156 0.373698 0.286133 0.373698 0.287109 0.375 0.288086 0.375 0.289062 0.376302 0.290039 0.376302 0.291016 0.377604 0.291992 0.377604 0.292969 0.378906 0.293945 0.378906 0.294922 0.380208 0.295898 0.380208 0.296875 0.38151 0.297852 0.38151 0.298828 0.382812 0.300781 0.382812 0.301758 0.384115 0.302734 0.384115 0.303711 0.385417 0.306641 0.385417 0.307617 0.386719 0.30957 0.386719 0.310547 0.388021 0.311523 0.388021 0.3125 0.389323 0.314453 0.389323 0.31543 0.390625 0.317383 0.390625 0.319336 0.393229 0.319336 0.397135 0.336914 0.397135 0.336914 0.391927 0.339844 0.388021 0.339844 0.386719 0.34082 0.385417 0.34082 0.384115 0.341797 0.382812 0.344727 0.382812 0.344727 0.380208 0.341797 0.380208 0.34082 0.378906 0.34082 0.377604 0.339844 0.376302 0.339844 0.375 0.338867 0.373698 0.338867 0.372396 0.331055 0.361979 0.330078 0.361979 0.327148 0.358073 0.326172 0.358073 0.324219 0.355469 0.323242 0.355469 0.321289 0.352865 0.320312 0.352865 0.318359 0.35026 0.317383 0.35026 0.316406 0.348958 0.31543 0.348958 0.314453 0.347656 0.313477 0.347656 0.3125 0.346354 0.311523 0.346354 0.310547 0.345052 0.30957 0.345052 0.307617 0.342448 0.306641 0.342448 0.305664 0.341146 0.304688 0.341146 0.303711 0.339844 0.303711 0.335938
0 0.138672 0.783854 0.138672 0.789062 0.136719 0.791667 0.136719 0.792969 0.135742 0.794271 0.134766 0.794271 0.133789 0.795573 0.132812 0.795573 0.129883 0.799479 0.128906 0.799479 0.12793 0.800781 0.126953 0.800781 0.125 0.803385 0.124023 0.803385 0.121094 0.807292 0.120117 0.807292 0.117188 0.811198 0.116211 0.811198 0.104492 0.826823 0.104492 0.828125 0.102539 0.830729 0.101562 0.830729 0.0996094 0.833333 0.0957031 0.833333 0.0957031 0.860677 0.103516 0.860677 0.105469 0.863281 0.106445 0.863281 0.110352 0.86849 0.111328 0.86849 0.116211 0.875 0.117188 0.875 0.118164 0.876302 0.119141 0.876302 0.120117 0.877604 0.121094 0.877604 0.12207 0.878906 0.124023 0.878906 0.125 0.880208 0.140625 0.880208 0.141602 0.878906 0.143555 0.878906 0.145508 0.876302 0.146484 0.876302 0.147461 0.875 0.148438 0.875 0.149414 0.873698 0.150391 0.873698 0.151367 0.872396 0.152344 0.872396 0.154297 0.869792 0.155273 0.869792 0.15625 0.86849 0.158203 0.86849 0.15918 0.867188 0.160156 0.867188 0.161133 0.865885 0.163086 0.865885 0.164062 0.864583 0.165039 0.864583 0.166016 0.863281 0.167969 0.863281 0.168945 0.861979 0.170898 0.861979 0.171875 0.860677 0.173828 0.860677 0.174805 0.859375 0.178711 0.859375 0.179688 0.858073 0.199219 0.858073 0.200195 0.856771 0.21582 0.856771 0.216797 0.855469 0.219727 0.855469 0.220703 0.854167 0.223633 0.854167 0.224609 0.852865 0.226562 0.852865 0.227539 0.851562 0.228516 0.851562 0.229492 0.85026 0.230469 0.85026 0.231445 0.848958 0.232422 0.848958 0.233398 0.847656 0.235352 0.847656 0.236328 0.846354 0.237305 0.846354 0.238281 0.845052 0.239258 0.845052 0.240234 0.84375 0.241211 0.84375 0.242188 0.842448 0.249023 0.842448 0.25 0.84375 0.251953 0.84375 0.253906 0.846354 0.254883 0.846354 0.255859 0.847656 0.256836 0.847656 0.257812 0.848958 0.258789 0.848958 0.259766 0.85026 0.260742 0.85026 0.262695 0.852865 0.263672 0.852865 0.266602 0.856771 0.267578 0.856771 0.270508 0.860677 0.271484 0.860677 0.273438 0.863281 0.274414 0.863281 0.276367 0.865885 0.277344 0.865885 0.279297 0.86849 0.280273 0.86849 0.28125 0.869792 0.282227 0.869792 0.283203 0.871094 0.28418 0.871094 0.285156 0.872396 0.286133 0.872396 0.287109 0.873698 0.288086 0.873698 0.289062 0.875 0.290039 0.875 0.291016 0.876302 0.292969 0.876302 0.293945 0.877604 0.294922 0.877604 0.295898 0.878906 0.296875 0.878906 0.297852 0.880208 0.299805 0.880208 0.300781 0.88151 0.301758 0.88151 0.302734 0.882812 0.302734 0.886719 0.336914 0.886719 0.336914 0.882812 0.337891 0.88151 0.338867 0.88151 0.339844 0.880208 0.34375 0.880208 0.344727 0.878906 0.353516 0.878906 0.354492 0.877604 0.357422 0.877604 0.358398 0.876302 0.360352 0.876302 0.361328 0.875 0.362305 0.875 0.363281 0.873698 0.364258 0.873698 0.365234 0.872396 0.366211 0.872396 0.369141 0.86849 0.370117 0.86849 0.375 0.861979 0.375 0.860677 0.375977 0.859375 0.379883 0.859375 0.379883 0.838542 0.376953 0.838542 0.371094 0.830729 0.370117 0.830729 0.367188 0.826823 0.366211 0.826823 0.364258 0.824219 0.363281 0.824219 0.361328 0.821615 0.360352 0.821615 0.358398 0.81901 0.357422 0.81901 0.355469 0.816406 0.354492 0.816406 0.352539 0.813802 0.351562 0.813802 0.350586 0.8125 0.349609 0.8125 0.347656 0.809896 0.34668 0.809896 0.344727 0.807292 0.34375 0.807292 0.342773 0.80599 0.341797 0.80599 0.339844 0.803385 0.338867 0.803385 0.336914 0.800781 0.335938 0.800781 0.334961 0.799479 0.333984 0.799479 0.332031 0.796875 0.331055 0.796875 0.329102 0.794271 0.328125 0.794271 0.323242 0.78776 0.323242 0.783854 0.263672 0.783854 0.263672 0.78776 0.261719 0.790365 0.260742 0.790365 0.259766 0.791667 0.257812 0.791667 0.256836 0.792969 0.25293 0.792969 0.251953 0.794271 0.248047 0.794271 0.24707 0.795573 0.224609 0.795573 0.223633 0.794271 0.21875 0.794271 0.217773 0.792969 0.21582 0.792969 0.214844 0.791667 0.211914 0.791667 0.210938 0.790365 0.208984 0.790365 0.207031 0.78776 0.207031 0.783854
0 0.701172 0.882812 0.701172 0.891927 0.700195 0.893229 0.697266 0.893229 0.692383 0.89974 0.689453 0.89974 0.688477 0.901042 0.685547 0.901042 0.685547 0.9375 0.689453 0.9375 0.691406 0.940104 0.692383 0.940104 0.695312 0.94401 0.696289 0.94401 0.700195 0.949219 0.701172 0.949219 0.703125 0.951823 0.704102 0.951823 0.707031 0.955729 0.708008 0.955729 0.711914 0.960938 0.712891 0.960938 0.71582 0.964844 0.716797 0.964844 0.719727 0.96875 0.720703 0.96875 0.723633 0.972656 0.724609 0.972656 0.725586 0.973958 0.726562 0.973958 0.729492 0.977865 0.730469 0.977865 0.731445 0.979167 0.732422 0.979167 0.733398 0.980469 0.734375 0.980469 0.735352 0.981771 0.737305 0.981771 0.738281 0.983073 0.740234 0.983073 0.741211 0.984375 0.743164 0.984375 0.744141 0.985677 0.745117 0.985677 0.746094 0.986979 0.74707 0.986979 0.748047 0.988281 0.75 0.988281 0.750977 0.989583 0.751953 0.989583 0.75293 0.990885 0.754883 0.990885 0.755859 0.992188 0.756836 0.992188 0.757812 0.99349 0.760742 0.99349 0.761719 0.994792 0.764648 0.994792 0.765625 0.996094 0.766602 0.996094 0.767578 0.997396 0.767578 0.998698 0.832031 0.998698 0.832031 0.997396 0.833984 0.994792 0.834961 0.994792 0.835938 0.99349 0.836914 0.99349 0.837891 0.992188 0.847656 0.992188 0.848633 0.99349 0.849609 0.992188 0.852539 0.992188 0.853516 0.990885 0.856445 0.990885 0.856445 0.976562 0.852539 0.976562 0.851562 0.97526 0.850586 0.97526 0.84668 0.970052 0.845703 0.970052 0.842773 0.966146 0.841797 0.966146 0.833984 0.955729 0.833984 0.954427 0.832031 0.951823 0.832031 0.950521 0.830078 0.947917 0.830078 0.946615 0.821289 0.934896 0.820312 0.934896 0.818359 0.932292 0.817383 0.932292 0.816406 0.93099 0.81543 0.93099 0.814453 0.929688 0.813477 0.929688 0.8125 0.928385 0.811523 0.928385 0.810547 0.927083 0.80957 0.927083 0.808594 0.925781 0.807617 0.925781 0.806641 0.924479 0.805664 0.924479 0.804688 0.923177 0.803711 0.923177 0.802734 0.921875 0.800781 0.921875 0.799805 0.920573 0.798828 0.920573 0.797852 0.919271 0.795898 0.919271 0.794922 0.917969 0.793945 0.917969 0.792969 0.916667 0.791992 0.916667 0.791016 0.915365 0.789062 0.915365 0.788086 0.914062 0.787109 0.914062 0.786133 0.91276 0.785156 0.91276 0.78418 0.911458 0.782227 0.911458 0.78125 0.910156 0.779297 0.910156 0.77832 0.908854 0.777344 0.908854 0.776367 0.907552 0.775391 0.907552 0.774414 0.90625 0.773438 0.90625 0.772461 0.904948 0.770508 0.904948 0.769531 0.903646 0.767578 0.903646 0.766602 0.902344 0.765625 0.902344 0.764648 0.901042 0.762695 0.901042 0.761719 0.89974 0.759766 0.89974 0.758789 0.898438 0.757812 0.898438 0.755859 0.895833 0.754883 0.895833 0.753906 0.894531 0.75293 0.894531 0.751953 0.893229 0.750977 0.893229 0.746094 0.886719 0.746094 0.882812
1 0.706055 0.882812 0.706055 0.888021 0.705078 0.889323 0.705078 0.891927 0.704102 0.893229 0.703125 0.893229 0.702148 0.894531 0.697266 0.894531 0.696289 0.895833 0.695312 0.895833 0.693359 0.898438 0.692383 0.898438 0.691406 0.89974 0.685547 0.89974 0.685547 0.9375 0.689453 0.9375 0.691406 0.940104 0.692383 0.940104 0.694336 0.942708 0.695312 0.942708 0.700195 0.949219 0.701172 0.949219 0.703125 0.951823 0.704102 0.951823 0.706055 0.954427 0.707031 0.954427 0.710938 0.959635 0.711914 0.959635 0.713867 0.96224 0.714844 0.96224 0.717773 0.966146 0.71875 0.966146 0.722656 0.971354 0.723633 0.971354 0.725586 0.973958 0.726562 0.973958 0.728516 0.976562 0.729492 0.976562 0.731445 0.979167 0.732422 0.979167 0.733398 0.980469 0.734375 0.980469 0.735352 0.981771 0.737305 0.981771 0.738281 0.983073 0.740234 0.983073 0.741211 0.984375 0.743164 0.984375 0.744141 0.985677 0.745117 0.985677 0.746094 0.986979 0.74707 0.986979 0.748047 0.988281 0.749023 0.988281 0.75 0.989583 0.751953 0.989583 0.75293 0.990885 0.753906 0.990885 0.754883 0.992188 0.756836 0.992188 0.757812 0.99349 0.759766 0.99349 0.760742 0.994792 0.763672 0.994792 0.764648 0.996094 0.765625 0.996094 0.766602 0.997396 0.766602 0.998698 0.831055 0.998698 0.831055 0.997396 0.833008 0.994792 0.833984 0.994792 0.834961 0.99349 0.835938 0.99349 0.836914 0.992188 0.838867 0.992188 0.839844 0.990885 0.844727 0.990885 0.845703 0.992188 0.852539 0.992188 0.853516 0.990885 0.856445 0.990885 0.856445 0.979167 0.852539 0.979167 0.850586 0.976562 0.849609 0.976562 0.847656 0.973958 0.84668 0.973958 0.842773 0.96875 0.841797 0.96875 0.84082 0.967448 0.84082 0.966146 0.833008 0.955729 0.833008 0.954427 0.832031 0.953125 0.832031 0.951823 0.830078 0.949219 0.830078 0.947917 0.820312 0.934896 0.819336 0.934896 0.817383 0.932292 0.816406 0.932292 0.81543 0.93099 0.814453 0.93099 0.813477 0.929688 0.8125 0.929688 0.811523 0.928385 0.810547 0.928385 0.80957 0.927083 0.808594 0.927083 0.807617 0.925781 0.806641 0.925781 0.805664 0.924479 0.804688 0.924479 0.803711 0.923177 0.802734 0.923177 0.801758 0.921875 0.799805 0.921875 0.798828 0.920573 0.797852 0.920573 0.796875 0.919271 0.794922 0.919271 0.793945 0.917969 0.792969 0.917969 0.791992 0.916667 0.791016 0.916667 0.790039 0.915365 0.788086 0.915365 0.787109 0.914062 0.785156 0.914062 0.78418 0.91276 0.783203 0.91276 0.782227 0.911458 0.780273 0.911458 0.779297 0.910156 0.777344 0.910156 0.776367 0.908854 0.775391 0.908854 0.774414 0.907552 0.773438 0.907552 0.772461 0.90625 0.770508 0.90625 0.769531 0.904948 0.767578 0.904948 0.766602 0.903646 0.764648 0.903646 0.763672 0.902344 0.761719 0.902344 0.760742 0.901042 0.759766 0.901042 0.758789 0.89974 0.756836 0.89974 0.755859 0.898438 0.754883 0.898438 0.753906 0.897135 0.75293 0.897135 0.750977 0.894531 0.75 0.894531 0.749023 0.893229 0.748047 0.893229 0.743164 0.886719 0.743164 0.882812
1 0.983398 0.164062 0.983398 0.167969 0.982422 0.169271 0.981445 0.169271 0.980469 0.170573 0.962891 0.170573 0.961914 0.169271 0.956055 0.169271 0.955078 0.170573 0.951172 0.170573 0.951172 0.201823 0.954102 0.201823 0.955078 0.203125 0.955078 0.204427 0.956055 0.205729 0.956055 0.207031 0.957031 0.208333 0.957031 0.209635 0.958008 0.210938 0.958008 0.21224 0.958984 0.213542 0.958984 0.214844 0.959961 0.216146 0.959961 0.21875 0.960938 0.220052 0.960938 0.221354 0.961914 0.222656 0.961914 0.22526 0.962891 0.226562 0.962891 0.229167 0.963867 0.230469 0.963867 0.233073 0.964844 0.234375 0.964844 0.236979 0.96582 0.238281 0.96582 0.239583 0.966797 0.240885 0.966797 0.242188 0.967773 0.24349 0.967773 0.246094 0.96875 0.247396 0.96875 0.248698 0.969727 0.25 0.969727 0.251302 0.97168 0.253906 0.97168 0.255208 0.973633 0.257812 0.973633 0.259115 0.974609 0.260417 0.974609 0.261719 0.976562 0.264323 0.976562 0.265625 0.981445 0.272135 0.982422 0.272135 0.983398 0.273438 0.983398 0.277344 0.985352 0.277344 0.985352 0.273438 0.986328 0.272135 0.987305 0.272135 0.989258 0.269531 0.990234 0.269531 0.994141 0.264323 0.995117 0.264323 0.99707 0.261719 0.999023 0.261719 0.999023 0.164062
1 0.164062 0.861979 0.164062 0.865885 0.162109 0.86849 0.161133 0.86849 0.160156 0.869792 0.15918 0.869792 0.158203 0.871094 0.157227 0.871094 0.15625 0.872396 0.155273 0.872396 0.154297 0.873698 0.150391 0.873698 0.150391 0.91276 0.15332 0.91276 0.154297 0.914062 0.155273 0.914062 0.15625 0.915365 0.158203 0.915365 0.15918 0.916667 0.160156 0.916667 0.162109 0.919271 0.163086 0.919271 0.165039 0.921875 0.166016 0.921875 0.166992 0.923177 0.168945 0.923177 0.169922 0.924479 0.170898 0.924479 0.171875 0.925781 0.173828 0.925781 0.174805 0.927083 0.176758 0.927083 0.177734 0.928385 0.180664 0.928385 0.181641 0.929688 0.183594 0.929688 0.18457 0.93099 0.1875 0.93099 0.188477 0.932292 0.192383 0.932292 0.193359 0.933594 0.196289 0.933594 0.197266 0.934896 0.201172 0.934896 0.202148 0.936198 0.206055 0.936198 0.207031 0.9375 0.210938 0.9375 0.211914 0.938802 0.214844 0.938802 0.21582 0.940104 0.21875 0.940104 0.219727 0.941406 0.223633 0.941406 0.224609 0.942708 0.228516 0.942708 0.229492 0.94401 0.231445 0.94401 0.232422 0.945312 0.233398 0.945312 0.234375 0.946615 0.235352 0.946615 0.236328 0.947917 0.237305 0.947917 0.238281 0.949219 0.239258 0.949219 0.240234 0.950521 0.241211 0.950521 0.242188 0.951823 0.243164 0.951823 0.245117 0.954427 0.246094 0.954427 0.24707 0.955729 0.248047 0.955729 0.249023 0.957031 0.25 0.957031 0.251953 0.959635 0.25293 0.959635 0.254883 0.96224 0.255859 0.96224 0.256836 0.963542 0.257812 0.963542 0.258789 0.964844 0.259766 0.964844 0.260742 0.966146 0.261719 0.966146 0.262695 0.967448 0.264648 0.967448 0.265625 0.96875 0.268555 0.96875 0.269531 0.970052 0.271484 0.970052 0.272461 0.971354 0.275391 0.971354 0.276367 0.972656 0.285156 0.972656 0.286133 0.973958 0.296875 0.973958 0.297852 0.972656 0.304688 0.972656 0.305664 0.971354 0.308594 0.971354 0.30957 0.970052 0.310547 0.970052 0.311523 0.96875 0.313477 0.96875 0.314453 0.967448 0.31543 0.967448 0.316406 0.966146 0.317383 0.966146 0.318359 0.964844 0.320312 0.964844 0.321289 0.963542 0.322266 0.963542 0.323242 0.96224 0.326172 0.96224 0.327148 0.960938 0.330078 0.960938 0.331055 0.959635 0.332031 0.959635 0.333008 0.958333 0.333984 0.958333 0.334961 0.957031 0.335938 0.957031 0.336914 0.955729 0.338867 0.955729 0.339844 0.954427 0.34082 0.954427 0.341797 0.953125 0.342773 0.953125 0.344727 0.950521 0.345703 0.950521 0.34668 0.949219 0.34668 0.947917 0.348633 0.945312 0.352539 0.945312 0.352539 0.93099 0.349609 0.93099 0.34668 0.927083 0.34668 0.925781 0.34375 0.921875 0.34375 0.920573 0.336914 0.911458 0.335938 0.911458 0.332031 0.90625 0.331055 0.90625 0.328125 0.902344 0.327148 0.902344 0.326172 0.901042 0.325195 0.901042 0.323242 0.898438 0.322266 0.898438 0.321289 0.897135 0.320312 0.897135 0.318359 0.894531 0.317383 0.894531 0.316406 0.893229 0.31543 0.893229 0.313477 0.890625 0.3125 0.890625 0.311523 0.889323 0.30957 0.889323 0.308594 0.888021 0.307617 0.888021 0.306641 0.886719 0.304688 0.886719 0.303711 0.885417 0.302734 0.885417 0.301758 0.884115 0.298828 0.884115 0.297852 0.882812 0.296875 0.882812 0.295898 0.88151 0.293945 0.88151 0.292969 0.880208 0.291992 0.880208 0.291016 0.878906 0.288086 0.878906 0.287109 0.877604 0.285156 0.877604 0.28418 0.876302 0.282227 0.876302 0.28125 0.875 0.279297 0.875 0.27832 0.873698 0.276367 0.873698 0.275391 0.872396 0.273438 0.872396 0.272461 0.871094 0.254883 0.871094 0.253906 0.872396 0.236328 0.872396 0.235352 0.871094 0.231445 0.871094 0.230469 0.869792 0.227539 0.869792 0.226562 0.86849 0.223633 0.86849 0.222656 0.867188 0.22168 0.867188 0.220703 0.865885 0.220703 0.861979
1 0.0908203 0.846354 0.0908203 0.85026 0.0898438 0.851562 0.0898438 0.852865 0.0888672 0.854167 0.0888672 0.855469 0.0878906 0.856771 0.0839844 0.856771 0.0839844 0.914062 0.0869141 0.914062 0.0888672 0.916667 0.0888672 0.917969 0.0898438 0.919271 0.0898438 0.920573 0.0908203 0.921875 0.0908203 0.923177 0.0917969 0.924479 0.0917969 0.927083 0.0927734 0.928385 0.0927734 0.929688 0.09375 0.93099 0.09375 0.933594 0.0947266 0.934896 0.0947266 0.936198 0.0957031 0.9375 0.0957031 0.940104 0.0966797 0.941406 0.0966797 0.942708 0.0976562 0.94401 0.0976562 0.945312 0.0986328 0.946615 0.0986328 0.949219 0.0996094 0.950521 0.0996094 0.951823 0.100586 0.953125 0.100586 0.955729 0.101562 0.957031 0.101562 0.959635 0.102539 0.960938 0.102539 0.964844 0.103516 0.966146 0.103516 0.967448 0.104492 0.96875 0.104492 0.971354 0.105469 0.972656 0.105469 0.973958 0.106445 0.97526 0.106445 0.977865 0.107422 0.979167 0.107422 0.981771 0.108398 0.983073 0.108398 0.985677 0.109375 0.986979 0.109375 0.989583 0.110352 0.990885 0.110352 0.992188 0.111328 0.99349 0.111328 0.994792 0.112305 0.996094 0.112305 0.998698 0.157227 0.998698 0.157227 0.997396 0.15625 0.996094 0.15625 0.99349 0.155273 0.992188 0.155273 0.990885 0.154297 0.989583 0.154297 0.988281 0.15332 0.986979 0.15332 0.985677 0.152344 0.984375 0.152344 0.983073 0.151367 0.981771 0.151367 0.979167 0.150391 0.977865 0.150391 0.973958 0.149414 0.972656 0.149414 0.970052 0.148438 0.96875 0.148438 0.966146 0.147461 0.964844 0.147461 0.959635 0.146484 0.958333 0.146484 0.954427 0.145508 0.953125 0.145508 0.947917 0.144531 0.946615 0.144531 0.938802 0.143555 0.9375 0.143555 0.932292 0.142578 0.93099 0.142578 0.928385 0.141602 0.927083 0.141602 0.925781 0.140625 0.924479 0.140625 0.921875 0.139648 0.920573 0.139648 0.919271 0.138672 0.917969 0.138672 0.916667 0.137695 0.915365 0.137695 0.914062 0.136719 0.91276 0.136719 0.911458 0.133789 0.907552 0.133789 0.90625 0.130859 0.902344 0.130859 0.901042 0.128906 0.898438 0.128906 0.897135 0.12793 0.895833 0.12793 0.894531 0.125 0.890625 0.125 0.889323 0.115234 0.876302 0.114258 0.876302 0.110352 0.871094 0.109375 0.871094 0.101562 0.860677 0.101562 0.859375 0.0996094 0.856771 0.0996094 0.855469 0.0986328 0.854167 0.0986328 0.851562 0.0976562 0.85026 0.0976562 0.846354
1 0.323242 0.497396 0.323242 0.501302 0.321289 0.503906 0.321289 0.505208 0.317383 0.510417 0.316406 0.510417 0.313477 0.514323 0.313477 0.515625 0.310547 0.519531 0.310547 0.520833 0.308594 0.523438 0.308594 0.52474 0.307617 0.526042 0.307617 0.527344 0.306641 0.528646 0.306641 0.529948 0.305664 0.53125 0.305664 0.532552 0.304688 0.533854 0.304688 0.535156 0.303711 0.536458 0.303711 0.53776 0.302734 0.539062 0.302734 0.540365 0.300781 0.542969 0.300781 0.544271 0.299805 0.545573 0.299805 0.546875 0.298828 0.548177 0.298828 0.549479 0.296875 0.552083 0.296875 0.553385 0.295898 0.554688 0.295898 0.55599 0.293945 0.558594 0.293945 0.559896 0.291992 0.5625 0.291992 0.563802 0.290039 0.566406 0.290039 0.567708 0.285156 0.574219 0.285156 0.575521 0.282227 0.579427 0.28125 0.579427 0.276367 0.585938 0.275391 0.585938 0.274414 0.58724 0.273438 0.58724 0.272461 0.588542 0.271484 0.588542 0.270508 0.589844 0.269531 0.589844 0.268555 0.591146 0.267578 0.591146 0.260742 0.60026 0.260742 0.601562 0.258789 0.604167 0.257812 0.604167 0.250977 0.613281 0.25 0.613281 0.246094 0.61849 0.245117 0.61849 0.241211 0.623698 0.240234 0.623698 0.232422 0.634115 0.231445 0.634115 0.226562 0.640625 0.225586 0.640625 0.224609 0.641927 0.220703 0.641927 0.220703 0.673177 0.224609 0.673177 0.225586 0.674479 0.225586 0.675781 0.226562 0.677083 0.226562 0.683594 0.245117 0.683594 0.245117 0.679688 0.248047 0.675781 0.249023 0.675781 0.25 0.674479 0.250977 0.674479 0.25293 0.671875 0.253906 0.671875 0.254883 0.670573 0.255859 0.670573 0.261719 0.66276 0.262695 0.66276 0.265625 0.658854 0.266602 0.658854 0.268555 0.65625 0.269531 0.65625 0.271484 0.653646 0.272461 0.653646 0.275391 0.64974 0.276367 0.64974 0.280273 0.644531 0.280273 0.643229 0.28418 0.638021 0.28418 0.636719 0.287109 0.632812 0.287109 0.63151 0.290039 0.627604 0.290039 0.626302 0.291016 0.625 0.291016 0.623698 0.304688 0.605469 0.305664 0.605469 0.307617 0.602865 0.307617 0.601562 0.30957 0.598958 0.310547 0.598958 0.313477 0.595052 0.314453 0.595052 0.317383 0.591146 0.318359 0.591146 0.319336 0.589844 0.319336 0.588542 0.320312 0.58724 0.320312 0.585938 0.321289 0.584635 0.321289 0.583333 0.322266 0.582031 0.322266 0.578125 0.323242 0.576823 0.323242 0.574219 0.324219 0.572917 0.324219 0.571615 0.325195 0.570312 0.325195 0.567708 0.326172 0.566406 0.326172 0.563802 0.327148 0.5625 0.327148 0.561198 0.328125 0.559896 0.328125 0.558594 0.330078 0.55599 0.330078 0.554688 0.331055 0.553385 0.331055 0.552083 0.333008 0.549479 0.333008 0.548177 0.333984 0.546875 0.333984 0.545573 0.335938 0.542969 0.335938 0.541667 0.336914 0.540365 0.336914 0.53776 0.337891 0.536458 0.337891 0.535156 0.338867 0.533854 0.338867 0.532552 0.339844 0.53125 0.339844 0.528646 0.34082 0.527344 0.34082 0.52474 0.341797 0.523438 0.341797 0.522135 0.342773 0.520833 0.342773 0.515625 0.34375 0.514323 0.34375 0.50651 0.342773 0.505208 0.342773 0.497396
1 0.705078 0.825521 0.705078 0.854167 0.708008 0.854167 0.710938 0.858073 0.711914 0.858073 0.722656 0.872396 0.722656 0.873698 0.732422 0.886719 0.733398 0.886719 0.735352 0.889323 0.736328 0.889323 0.738281 0.891927 0.739258 0.891927 0.744141 0.898438 0.745117 0.898438 0.749023 0.903646 0.749023 0.907552 0.770508 0.907552 0.770508 0.902344 0.768555 0.89974 0.768555 0.893229 0.769531 0.891927 0.769531 0.890625 0.770508 0.889323 0.770508 0.880208 0.768555 0.877604 0.768555 0.876302 0.762695 0.86849 0.762695 0.867188 0.761719 0.867188 0.756836 0.860677 0.755859 0.860677 0.751953 0.855469 0.750977 0.855469 0.749023 0.852865 0.748047 0.852865 0.745117 0.848958 0.744141 0.848958 0.742188 0.846354 0.741211 0.846354 0.732422 0.834635 0.732422 0.833333 0.731445 0.832031 0.731445 0.825521
1 0.996094 0.808594 0.994141 0.811198 0.993164 0.811198 0.992188 0.8125 0.991211 0.8125 0.988281 0.816406 0.987305 0.816406 0.985352 0.81901 0.984375 0.81901 0.979492 0.825521 0.978516 0.825521 0.973633 0.832031 0.972656 0.832031 0.970703 0.834635 0.969727 0.834635 0.962891 0.84375 0.961914 0.84375 0.956055 0.851562 0.955078 0.851562 0.954102 0.852865 0.952148 0.852865 0.951172 0.854167 0.947266 0.854167 0.947266 0.878906 0.955078 0.878906 0.956055 0.880208 0.958008 0.880208 0.959961 0.882812 0.960938 0.882812 0.962891 0.885417 0.963867 0.885417 0.966797 0.889323 0.967773 0.889323 0.970703 0.893229 0.970703 0.897135 0.989258 0.897135 0.989258 0.893229 0.991211 0.890625 0.993164 0.890625 0.994141 0.889323 0.996094 0.889323 0.99707 0.888021 0.999023 0.888021 0.999023 0.808594
0 0.140625 0.783854 0.140625 0.78776 0.134766 0.795573 0.133789 0.795573 0.132812 0.796875 0.131836 0.796875 0.129883 0.799479 0.128906 0.799479 0.12793 0.800781 0.126953 0.800781 0.125 0.803385 0.124023 0.803385 0.12207 0.80599 0.121094 0.80599 0.117188 0.811198 0.116211 0.811198 0.115234 0.8125 0.114258 0.8125 0.104492 0.825521 0.104492 0.826823 0.103516 0.828125 0.0996094 0.828125 0.0996094 0.859375 0.103516 0.859375 0.108398 0.865885 0.109375 0.865885 0.115234 0.873698 0.116211 0.873698 0.117188 0.875 0.118164 0.875 0.120117 0.877604 0.120117 0.88151 0.147461 0.88151 0.147461 0.877604 0.149414 0.875 0.150391 0.875 0.151367 0.873698 0.152344 0.873698 0.154297 0.871094 0.155273 0.871094 0.15625 0.869792 0.157227 0.869792 0.158203 0.86849 0.160156 0.86849 0.161133 0.867188 0.163086 0.867188 0.164062 0.865885 0.165039 0.865885 0.166016 0.864583 0.167969 0.864583 0.168945 0.863281 0.170898 0.863281 0.171875 0.861979 0.173828 0.861979 0.174805 0.860677 0.179688 0.860677 0.180664 0.859375 0.201172 0.859375 0.202148 0.858073 0.211914 0.858073 0.212891 0.856771 0.21582 0.856771 0.216797 0.855469 0.21875 0.855469 0.219727 0.854167 0.22168 0.854167 0.222656 0.852865 0.225586 0.852865 0.226562 0.851562 0.227539 0.851562 0.228516 0.85026 0.229492 0.85026 0.230469 0.848958 0.232422 0.848958 0.233398 0.847656 0.234375 0.847656 0.235352 0.846354 0.236328 0.846354 0.237305 0.845052 0.238281 0.845052 0.239258 0.84375 0.240234 0.84375 0.241211 0.842448 0.242188 0.842448 0.243164 0.841146 0.245117 0.841146 0.246094 0.839844 0.250977 0.839844 0.250977 0.796875 0.243164 0.796875 0.242188 0.798177 0.234375 0.798177 0.233398 0.796875 0.225586 0.796875 0.224609 0.795573 0.219727 0.795573 0.21875 0.794271 0.21582 0.794271 0.214844 0.792969 0.212891 0.792969 0.211914 0.791667 0.209961 0.791667 0.208984 0.790365 0.208008 0.790365 0.206055 0.78776 0.206055 0.783854
1 0.135742 0.789062 0.135742 0.792969 0.133789 0.795573 0.132812 0.795573 0.131836 0.796875 0.130859 0.796875 0.12793 0.800781 0.126953 0.800781 0.125977 0.802083 0.125 0.802083 0.12207 0.80599 0.121094 0.80599 0.118164 0.809896 0.117188 0.809896 0.114258 0.813802 0.113281 0.813802 0.108398 0.820312 0.108398 0.821615 0.102539 0.829427 0.0996094 0.829427 0.0996094 0.860677 0.103516 0.860677 0.105469 0.863281 0.106445 0.863281 0.110352 0.86849 0.111328 0.86849 0.116211 0.875 0.117188 0.875 0.119141 0.877604 0.120117 0.877604 0.121094 0.878906 0.123047 0.878906 0.124023 0.880208 0.131836 0.880208 0.132812 0.88151 0.133789 0.88151 0.134766 0.880208 0.140625 0.880208 0.141602 0.878906 0.143555 0.878906 0.144531 0.877604 0.145508 0.877604 0.146484 0.876302 0.147461 0.876302 0.148438 0.875 0.149414 0.875 0.150391 0.873698 0.151367 0.873698 0.15332 0.871094 0.154297 0.871094 0.155273 0.869792 0.15625 0.869792 0.157227 0.86849 0.158203 0.86849 0.15918 0.867188 0.161133 0.867188 0.162109 0.865885 0.163086 0.865885 0.164062 0.864583 0.166016 0.864583 0.166992 0.863281 0.167969 0.863281 0.168945 0.861979 0.170898 0.861979 0.171875 0.860677 0.173828 0.860677 0.174805 0.859375 0.178711 0.859375 0.179688 0.858073 0.197266 0.858073 0.198242 0.856771 0.21582 0.856771 0.216797 0.855469 0.219727 0.855469 0.220703 0.854167 0.223633 0.854167 0.224609 0.852865 0.226562 0.852865 0.227539 0.851562 0.228516 0.851562 0.229492 0.85026 0.230469 0.85026 0.231445 0.848958 0.233398 0.848958 0.234375 0.847656 0.235352 0.847656 0.236328 0.846354 0.237305 0.846354 0.238281 0.845052 0.239258 0.845052 0.240234 0.84375 0.242188 0.84375 0.243164 0.842448 0.248047 0.842448 0.249023 0.84375 0.251953 0.84375 0.253906 0.846354 0.254883 0.846354 0.255859 0.847656 0.256836 0.847656 0.257812 0.848958 0.258789 0.848958 0.259766 0.85026 0.260742 0.85026 0.262695 0.852865 0.263672 0.852865 0.265625 0.855469 0.266602 0.855469 0.270508 0.860677 0.271484 0.860677 0.274414 0.864583 0.275391 0.864583 0.277344 0.867188 0.27832 0.867188 0.279297 0.86849 0.280273 0.86849 0.28125 0.869792 0.282227 0.869792 0.283203 0.871094 0.28418 0.871094 0.285156 0.872396 0.286133 0.872396 0.287109 0.873698 0.288086 0.873698 0.289062 0.875 0.290039 0.875 0.291016 0.876302 0.291992 0.876302 0.292969 0.877604 0.293945 0.877604 0.294922 0.878906 0.296875 0.878906 0.297852 0.880208 0.299805 0.880208 0.301758 0.882812 0.301758 0.886719 0.336914 0.886719 0.336914 0.882812 0.338867 0.880208 0.342773 0.880208 0.34375 0.878906 0.353516 0.878906 0.354492 0.877604 0.357422 0.877604 0.358398 0.876302 0.360352 0.876302 0.361328 0.875 0.362305 0.875 0.363281 0.873698 0.364258 0.873698 0.365234 0.872396 0.366211 0.872396 0.368164 0.869792 0.369141 0.869792 0.375977 0.860677 0.375977 0.859375 0.37793 0.856771 0.37793 0.855469 0.378906 0.854167 0.378906 0.84375 0.37793 0.842448 0.37793 0.841146 0.376953 0.839844 0.376953 0.838542 0.37207 0.832031 0.371094 0.832031 0.368164 0.828125 0.367188 0.828125 0.365234 0.825521 0.364258 0.825521 0.362305 0.822917 0.361328 0.822917 0.359375 0.820312 0.358398 0.820312 0.356445 0.817708 0.355469 0.817708 0.352539 0.813802 0.351562 0.813802 0.350586 0.8125 0.349609 0.8125 0.348633 0.811198 0.347656 0.811198 0.344727 0.807292 0.34375 0.807292 0.342773 0.80599 0.341797 0.80599 0.339844 0.803385 0.338867 0.803385 0.337891 0.802083 0.336914 0.802083 0.334961 0.799479 0.333984 0.799479 0.333008 0.798177 0.332031 0.798177 0.330078 0.795573 0.329102 0.795573 0.328125 0.794271 0.328125 0.789062 0.25 0.789062 0.25 0.792969 0.249023 0.794271 0.246094 0.794271 0.245117 0.795573 0.225586 0.795573 0.224609 0.794271 0.22168 0.794271 0.220703 0.792969 0.220703 0.789062
1 0.321289 0.497396 0.321289 0.502604 0.319336 0.505208 0.319336 0.50651 0.317383 0.509115 0.316406 0.509115 0.3125 0.514323 0.3125 0.515625 0.310547 0.518229 0.310547 0.519531 0.307617 0.523438 0.307617 0.52474 0.306641 0.526042 0.306641 0.527344 0.305664 0.528646 0.305664 0.529948 0.304688 0.53125 0.304688 0.533854 0.303711 0.535156 0.303711 0.536458 0.302734 0.53776 0.302734 0.539062 0.301758 0.540365 0.301758 0.541667 0.300781 0.542969 0.300781 0.544271 0.299805 0.545573 0.299805 0.546875 0.298828 0.548177 0.298828 0.549479 0.297852 0.550781 0.297852 0.552083 0.296875 0.553385 0.296875 0.554688 0.294922 0.557292 0.294922 0.558594 0.292969 0.561198 0.292969 0.5625 0.291992 0.563802 0.291992 0.565104 0.291016 0.566406 0.287109 0.566406 0.287109 0.60026 0.311523 0.60026 0.311523 0.595052 0.3125 0.59375 0.313477 0.59375 0.317383 0.588542 0.317383 0.58724 0.318359 0.585938 0.318359 0.584635 0.319336 0.583333 0.319336 0.582031 0.320312 0.580729 0.320312 0.579427 0.321289 0.578125 0.321289 0.576823 0.322266 0.575521 0.322266 0.572917 0.323242 0.571615 0.323242 0.570312 0.324219 0.56901 0.324219 0.567708 0.325195 0.566406 0.325195 0.563802 0.326172 0.5625 0.326172 0.559896 0.327148 0.558594 0.327148 0.557292 0.329102 0.554688 0.329102 0.553385 0.330078 0.552083 0.330078 0.550781 0.331055 0.549479 0.331055 0.548177 0.333008 0.545573 0.333008 0.544271 0.333984 0.542969 0.333984 0.541667 0.334961 0.540365 0.334961 0.539062 0.336914 0.536458 0.336914 0.535156 0.337891 0.533854 0.337891 0.532552 0.338867 0.53125 0.338867 0.529948 0.34082 0.527344 0.34082 0.52474 0.342773 0.522135 0.342773 0.519531 0.34375 0.518229 0.34375 0.516927 0.344727 0.515625 0.344727 0.511719 0.345703 0.510417 0.345703 0.502604 0.344727 0.501302 0.344727 0.497396
0 0.674805 0.669271 0.674805 0.673177 0.669922 0.679688 0.668945 0.679688 0.667969 0.68099 0.666992 0.68099 0.665039 0.683594 0.664062 0.683594 0.662109 0.686198 0.661133 0.686198 0.660156 0.6875 0.65918 0.6875 0.65625 0.691406 0.655273 0.691406 0.651367 0.696615 0.650391 0.696615 0.644531 0.704427 0.644531 0.705729 0.641602 0.709635 0.641602 0.710938 0.639648 0.713542 0.639648 0.714844 0.638672 0.716146 0.638672 0.717448 0.637695 0.71875 0.637695 0.720052 0.636719 0.721354 0.636719 0.723958 0.635742 0.72526 0.635742 0.726562 0.634766 0.727865 0.634766 0.729167 0.633789 0.730469 0.633789 0.733073 0.632812 0.734375 0.632812 0.735677 0.631836 0.736979 0.631836 0.739583 0.630859 0.740885 0.630859 0.744792 0.629883 0.746094 0.629883 0.748698 0.628906 0.75 0.628906 0.752604 0.62793 0.753906 0.62793 0.755208 0.626953 0.75651 0.626953 0.757812 0.625977 0.759115 0.625977 0.761719 0.625 0.763021 0.625 0.765625 0.624023 0.766927 0.624023 0.769531 0.623047 0.770833 0.623047 0.773438 0.621094 0.776042 0.621094 0.777344 0.620117 0.778646 0.620117 0.779948 0.619141 0.78125 0.619141 0.782552 0.618164 0.783854 0.618164 0.785156 0.617188 0.786458 0.617188 0.78776 0.614258 0.791667 0.614258 0.792969 0.612305 0.795573 0.611328 0.795573 0.609375 0.798177 0.609375 0.799479 0.606445 0.803385 0.605469 0.803385 0.602539 0.807292 0.602539 0.808594 0.597656 0.815104 0.597656 0.816406 0.59082 0.825521 0.59082 0.826823 0.588867 0.829427 0.588867 0.830729 0.586914 0.833333 0.586914 0.834635 0.584961 0.83724 0.584961 0.838542 0.583008 0.841146 0.583008 0.842448 0.581055 0.845052 0.581055 0.846354 0.577148 0.851562 0.576172 0.851562 0.575195 0.852865 0.572266 0.852865 0.572266 0.907552 0.581055 0.907552 0.581055 0.903646 0.583008 0.901042 0.583984 0.901042 0.584961 0.89974 0.585938 0.89974 0.587891 0.897135 0.588867 0.897135 0.592773 0.891927 0.59375 0.891927 0.595703 0.889323 0.59668 0.889323 0.598633 0.886719 0.599609 0.886719 0.602539 0.882812 0.603516 0.882812 0.607422 0.877604 0.608398 0.877604 0.612305 0.872396 0.612305 0.871094 0.615234 0.867188 0.616211 0.867188 0.618164 0.864583 0.618164 0.863281 0.625977 0.852865 0.625977 0.851562 0.629883 0.846354 0.629883 0.845052 0.636719 0.835938 0.636719 0.834635 0.640625 0.829427 0.640625 0.828125 0.643555 0.824219 0.643555 0.822917 0.645508 0.820312 0.645508 0.81901 0.649414 0.813802 0.649414 0.8125 0.651367 0.809896 0.651367 0.808594 0.65918 0.798177 0.660156 0.798177 0.667969 0.78776 0.668945 0.78776 0.670898 0.785156 0.671875 0.785156 0.672852 0.783854 0.673828 0.783854 0.675781 0.78125 0.676758 0.78125 0.678711 0.778646 0.679688 0.778646 0.680664 0.777344 0.681641 0.777344 0.683594 0.77474 0.68457 0.77474 0.685547 0.773438 0.686523 0.773438 0.6875 0.772135 0.688477 0.772135 0.693359 0.765625 0.694336 0.765625 0.697266 0.761719 0.697266 0.760417 0.702148 0.753906 0.702148 0.752604 0.704102 0.75 0.704102 0.748698 0.705078 0.747396 0.705078 0.746094 0.706055 0.744792 0.706055 0.742188 0.707031 0.740885 0.707031 0.739583 0.708984 0.736979 0.708984 0.735677 0.709961 0.734375 0.709961 0.733073 0.710938 0.731771 0.710938 0.730469 0.711914 0.729167 0.711914 0.727865 0.713867 0.72526 0.713867 0.723958 0.714844 0.722656 0.714844 0.721354 0.71582 0.720052 0.71582 0.71875 0.716797 0.717448 0.716797 0.716146 0.717773 0.714844 0.717773 0.713542 0.71875 0.71224 0.71875 0.710938 0.719727 0.709635 0.719727 0.708333 0.720703 0.707031 0.720703 0.705729 0.72168 0.704427 0.72168 0.703125 0.722656 0.701823 0.722656 0.699219 0.724609 0.696615 0.727539 0.696615 0.727539 0.679688 0.724609 0.679688 0.722656 0.677083 0.722656 0.675781 0.72168 0.674479 0.72168 0.669271
0 0.674805 0.669271 0.674805 0.673177 0.669922 0.679688 0.668945 0.679688 0.667969 0.68099 0.666992 0.68099 0.665039 0.683594 0.664062 0.683594 0.662109 0.686198 0.661133 0.686198 0.65918 0.688802 0.658203 0.688802 0.65625 0.691406 0.655273 0.691406 0.650391 0.697917 0.649414 0.697917 0.644531 0.704427 0.644531 0.705729 0.641602 0.709635 0.641602 0.710938 0.639648 0.713542 0.639648 0.714844 0.638672 0.716146 0.638672 0.717448 0.637695 0.71875 0.637695 0.720052 0.636719 0.721354 0.636719 0.722656 0.635742 0.723958 0.635742 0.726562 0.633789 0.729167 0.630859 0.729167 0.630859 0.78776 0.668945 0.78776 0.668945 0.783854 0.670898 0.78125 0.671875 0.78125 0.672852 0.779948 0.673828 0.779948 0.674805 0.778646 0.676758 0.778646 0.677734 0.777344 0.678711 0.777344 0.680664 0.77474 0.682617 0.77474 0.683594 0.773438 0.68457 0.773438 0.686523 0.770833 0.6875 0.770833 0.689453 0.768229 0.69043 0.768229 0.700195 0.755208 0.700195 0.753906 0.703125 0.75 0.703125 0.748698 0.705078 0.746094 0.705078 0.74349 0.706055 0.742188 0.706055 0.740885 0.708008 0.738281 0.708008 0.736979 0.708984 0.735677 0.708984 0.734375 0.709961 0.733073 0.709961 0.731771 0.711914 0.729167 0.711914 0.727865 0.712891 0.726562 0.712891 0.72526 0.713867 0.723958 0.713867 0.722656 0.71582 0.720052 0.71582 0.71875 0.716797 0.717448 0.716797 0.716146 0.717773 0.714844 0.717773 0.713542 0.71875 0.71224 0.71875 0.710938 0.719727 0.709635 0.719727 0.708333 0.720703 0.707031 0.720703 0.705729 0.72168 0.704427 0.72168 0.703125 0.722656 0.701823 0.722656 0.699219 0.724609 0.696615 0.727539 0.696615 0.727539 0.678385 0.724609 0.678385 0.72168 0.674479 0.72168 0.669271
1 0.833984 0.851562 0.833984 0.91276 0.836914 0.91276 0.841797 0.919271 0.841797 0.921875 0.842773 0.923177 0.842773 0.924479 0.84375 0.925781 0.84375 0.928385 0.844727 0.929688 0.844727 0.932292 0.845703 0.933594 0.845703 0.936198 0.84668 0.9375 0.84668 0.940104 0.847656 0.941406 0.847656 0.942708 0.848633 0.94401 0.848633 0.945312 0.849609 0.946615 0.849609 0.947917 0.850586 0.949219 0.850586 0.950521 0.851562 0.951823 0.851562 0.953125 0.853516 0.955729 0.853516 0.957031 0.854492 0.958333 0.854492 0.959635 0.855469 0.960938 0.855469 0.96224 0.856445 0.963542 0.856445 0.964844 0.857422 0.966146 0.857422 0.967448 0.859375 0.970052 0.859375 0.97526 0.865234 0.97526 0.865234 0.970052 0.867188 0.967448 0.867188 0.966146 0.868164 0.964844 0.868164 0.963542 0.869141 0.96224 0.869141 0.960938 0.870117 0.959635 0.870117 0.957031 0.871094 0.955729 0.871094 0.953125 0.87207 0.951823 0.87207 0.94401 0.873047 0.942708 0.873047 0.936198 0.874023 0.934896 0.874023 0.929688 0.875 0.928385 0.875 0.923177 0.875977 0.921875 0.875977 0.920573 0.876953 0.919271 0.879883 0.919271 0.879883 0.907552 0.876953 0.907552 0.875977 0.90625 0.875977 0.904948 0.875 0.903646 0.875 0.898438 0.874023 0.897135 0.874023 0.891927 0.873047 0.890625 0.873047 0.886719 0.87207 0.885417 0.87207 0.882812 0.871094 0.88151 0.871094 0.878906 0.870117 0.877604 0.870117 0.875 0.868164 0.872396 0.868164 0.871094 0.867188 0.869792 0.867188 0.86849 0.865234 0.865885 0.865234 0.864583 0.863281 0.861979 0.863281 0.860677 0.861328 0.858073 0.861328 0.856771 0.860352 0.855469 0.860352 0.851562
