1 0.404297 0.547727 0.404297 0.551136 0.402344 0.553409 0.401367 0.553409 0.399414 0.555682 0.398438 0.555682 0.396484 0.557955 0.395508 0.557955 0.393555 0.560227 0.392578 0.560227 0.389648 0.563636 0.388672 0.563636 0.384766 0.568182 0.383789 0.568182 0.349609 0.607955 0.348633 0.607955 0.34668 0.610227 0.345703 0.610227 0.344727 0.611364 0.34375 0.611364 0.342773 0.6125 0.34082 0.6125 0.339844 0.613636 0.337891 0.613636 0.336914 0.614773 0.335938 0.614773 0.333984 0.617045 0.333008 0.617045 0.329102 0.621591 0.328125 0.621591 0.322266 0.628409 0.321289 0.628409 0.316406 0.634091 0.31543 0.634091 0.307617 0.643182 0.307617 0.644318 0.305664 0.646591 0.305664 0.647727 0.304688 0.648864 0.304688 0.652273 0.303711 0.653409 0.303711 0.655682 0.302734 0.656818 0.302734 0.657955 0.301758 0.659091 0.301758 0.661364 0.300781 0.6625 0.300781 0.663636 0.299805 0.664773 0.299805 0.665909 0.298828 0.667045 0.298828 0.668182 0.297852 0.669318 0.297852 0.670455 0.296875 0.671591 0.296875 0.672727 0.295898 0.673864 0.295898 0.675 0.293945 0.677273 0.291016 0.677273 0.291016 0.710227 0.299805 0.710227 0.299805 0.706818 0.301758 0.704545 0.302734 0.704545 0.304688 0.702273 0.305664 0.702273 0.306641 0.701136 0.307617 0.701136 0.310547 0.697727 0.311523 0.697727 0.313477 0.695455 0.314453 0.695455 0.31543 0.694318 0.316406 0.694318 0.317383 0.693182 0.318359 0.693182 0.319336 0.692045 0.320312 0.692045 0.326172 0.685227 0.326172 0.684091 0.329102 0.680682 0.329102 0.679545 0.331055 0.677273 0.331055 0.676136 0.333008 0.673864 0.333008 0.672727 0.334961 0.670455 0.334961 0.669318 0.336914 0.667045 0.336914 0.665909 0.338867 0.663636 0.338867 0.6625 0.34082 0.660227 0.34082 0.659091 0.342773 0.656818 0.342773 0.655682 0.34375 0.654545 0.34375 0.653409 0.352539 0.643182 0.353516 0.643182 0.356445 0.639773 0.357422 0.639773 0.358398 0.638636 0.359375 0.638636 0.362305 0.635227 0.363281 0.635227 0.371094 0.626136 0.37207 0.626136 0.376953 0.620455 0.37793 0.620455 0.380859 0.617045 0.381836 0.617045 0.383789 0.614773 0.384766 0.614773 0.387695 0.611364 0.388672 0.611364 0.392578 0.606818 0.393555 0.606818 0.399414 0.6 0.400391 0.6 0.404297 0.595455 0.405273 0.595455 0.40918 0.590909 0.410156 0.590909 0.415039 0.585227 0.416016 0.585227 0.431641 0.567045 0.43457 0.567045 0.43457 0.563636 0.431641 0.563636 0.430664 0.5625 0.430664 0.561364 0.429688 0.560227 0.429688 0.559091 0.428711 0.557955 0.428711 0.556818 0.426758 0.554545 0.426758 0.553409 0.425781 0.552273 0.425781 0.547727
0 0.287109 0.202273 0.287109 0.228409 0.290039 0.228409 0.291992 0.230682 0.292969 0.230682 0.296875 0.235227 0.297852 0.235227 0.300781 0.238636 0.301758 0.238636 0.303711 0.240909 0.304688 0.240909 0.305664 0.242045 0.306641 0.242045 0.307617 0.243182 0.308594 0.243182 0.30957 0.244318 0.310547 0.244318 0.311523 0.245455 0.313477 0.245455 0.31543 0.247727 0.316406 0.247727 0.317383 0.248864 0.321289 0.248864 0.322266 0.25 0.341797 0.25 0.342773 0.248864 0.348633 0.248864 0.349609 0.247727 0.350586 0.247727 0.355469 0.242045 0.355469 0.231818 0.354492 0.230682 0.354492 0.228409 0.353516 0.227273 0.353516 0.226136 0.351562 0.223864 0.351562 0.221591 0.350586 0.220455 0.350586 0.219318 0.34668 0.214773 0.345703 0.214773 0.344727 0.213636 0.34375 0.213636 0.341797 0.211364 0.34082 0.211364 0.338867 0.209091 0.337891 0.209091 0.336914 0.207955 0.335938 0.207955 0.334961 0.206818 0.333984 0.206818 0.333008 0.205682 0.333008 0.202273
0 0.166992 0.134091 0.166992 0.1375 0.165039 0.139773 0.162109 0.139773 0.161133 0.140909 0.15918 0.140909 0.158203 0.142045 0.157227 0.142045 0.15625 0.143182 0.155273 0.143182 0.154297 0.144318 0.15332 0.144318 0.151367 0.146591 0.150391 0.146591 0.147461 0.15 0.146484 0.15 0.141602 0.155682 0.140625 0.155682 0.138672 0.157955 0.134766 0.157955 0.134766 0.176136 0.138672 0.176136 0.141602 0.179545 0.142578 0.179545 0.144531 0.181818 0.145508 0.181818 0.147461 0.184091 0.148438 0.184091 0.149414 0.185227 0.180664 0.185227 0.181641 0.184091 0.185547 0.184091 0.186523 0.182955 0.1875 0.182955 0.188477 0.181818 0.191406 0.181818 0.192383 0.180682 0.195312 0.180682 0.196289 0.179545 0.199219 0.179545 0.200195 0.178409 0.201172 0.178409 0.202148 0.177273 0.203125 0.177273 0.204102 0.176136 0.206055 0.176136 0.207031 0.175 0.208984 0.175 0.209961 0.173864 0.210938 0.173864 0.212891 0.171591 0.213867 0.171591 0.214844 0.170455 0.21582 0.170455 0.216797 0.169318 0.217773 0.169318 0.219727 0.167045 0.220703 0.167045 0.223633 0.163636 0.224609 0.163636 0.225586 0.1625 0.225586 0.161364 0.227539 0.159091 0.231445 0.159091 0.231445 0.146591 0.227539 0.146591 0.225586 0.144318 0.225586 0.143182 0.223633 0.140909 0.222656 0.140909 0.22168 0.139773 0.220703 0.139773 0.21875 0.1375 0.21875 0.134091
0 0.355469 0.115909 0.355469 0.120455 0.354492 0.121591 0.354492 0.122727 0.353516 0.123864 0.353516 0.126136 0.352539 0.127273 0.352539 0.129545 0.351562 0.130682 0.351562 0.132955 0.350586 0.134091 0.350586 0.136364 0.349609 0.1375 0.349609 0.138636 0.347656 0.140909 0.347656 0.142045 0.344727 0.145455 0.344727 0.146591 0.342773 0.148864 0.342773 0.15 0.341797 0.151136 0.341797 0.152273 0.339844 0.154545 0.339844 0.155682 0.338867 0.156818 0.338867 0.157955 0.337891 0.159091 0.337891 0.160227 0.336914 0.161364 0.336914 0.1625 0.335938 0.163636 0.335938 0.164773 0.334961 0.165909 0.334961 0.167045 0.333984 0.168182 0.333984 0.169318 0.331055 0.172727 0.331055 0.173864 0.330078 0.175 0.326172 0.175 0.326172 0.201136 0.330078 0.201136 0.332031 0.203409 0.333984 0.203409 0.337891 0.207955 0.338867 0.207955 0.339844 0.209091 0.341797 0.209091 0.342773 0.210227 0.34375 0.210227 0.344727 0.211364 0.344727 0.214773 0.345703 0.214773 0.345703 0.211364 0.34668 0.210227 0.349609 0.210227 0.350586 0.209091 0.353516 0.209091 0.355469 0.206818 0.356445 0.206818 0.367188 0.194318 0.367188 0.193182 0.370117 0.189773 0.370117 0.188636 0.371094 0.1875 0.371094 0.186364 0.373047 0.184091 0.373047 0.182955 0.374023 0.181818 0.374023 0.180682 0.375 0.179545 0.375 0.177273 0.375977 0.176136 0.375977 0.175 0.376953 0.173864 0.376953 0.171591 0.37793 0.170455 0.37793 0.165909 0.378906 0.164773 0.378906 0.157955 0.379883 0.156818 0.379883 0.151136 0.380859 0.15 0.383789 0.15 0.383789 0.115909
1 0.520508 0.284091 0.520508 0.2875 0.519531 0.288636 0.518555 0.288636 0.517578 0.289773 0.516602 0.289773 0.515625 0.290909 0.513672 0.290909 0.512695 0.292045 0.511719 0.292045 0.510742 0.293182 0.509766 0.293182 0.508789 0.294318 0.505859 0.294318 0.504883 0.295455 0.498047 0.295455 0.498047 0.309091 0.501953 0.309091 0.50293 0.310227 0.505859 0.310227 0.506836 0.311364 0.508789 0.311364 0.509766 0.3125 0.510742 0.3125 0.511719 0.313636 0.513672 0.313636 0.514648 0.314773 0.515625 0.314773 0.516602 0.315909 0.518555 0.315909 0.519531 0.317045 0.53418 0.317045 0.535156 0.318182 0.540039 0.318182 0.541016 0.319318 0.544922 0.319318 0.545898 0.320455 0.552734 0.320455 0.553711 0.321591 0.558594 0.321591 0.55957 0.320455 0.574219 0.320455 0.575195 0.321591 0.577148 0.321591 0.578125 0.320455 0.59082 0.320455 0.591797 0.321591 0.594727 0.321591 0.595703 0.322727 0.597656 0.322727 0.598633 0.323864 0.599609 0.323864 0.600586 0.325 0.601562 0.325 0.602539 0.326136 0.604492 0.326136 0.605469 0.327273 0.606445 0.327273 0.607422 0.328409 0.608398 0.328409 0.609375 0.329545 0.611328 0.329545 0.612305 0.330682 0.616211 0.330682 0.617188 0.331818 0.620117 0.331818 0.62207 0.334091 0.62207 0.3375 0.635742 0.3375 0.635742 0.334091 0.637695 0.331818 0.638672 0.331818 0.639648 0.330682 0.640625 0.330682 0.641602 0.329545 0.645508 0.329545 0.645508 0.310227 0.641602 0.310227 0.638672 0.306818 0.638672 0.305682 0.637695 0.305682 0.632812 0.3 0.631836 0.3 0.628906 0.296591 0.62793 0.296591 0.626953 0.295455 0.625977 0.295455 0.625 0.294318 0.624023 0.294318 0.623047 0.293182 0.62207 0.293182 0.621094 0.292045 0.620117 0.292045 0.619141 0.290909 0.617188 0.290909 0.616211 0.289773 0.611328 0.289773 0.610352 0.288636 0.607422 0.288636 0.606445 0.2875 0.606445 0.284091
0 0.0332031 0.493182 0.0332031 0.496591 0.0322266 0.497727 0.0322266 0.498864 0.0292969 0.502273 0.0292969 0.503409 0.0273438 0.505682 0.0273438 0.506818 0.0253906 0.509091 0.0253906 0.510227 0.0244141 0.511364 0.0244141 0.5125 0.0234375 0.513636 0.0234375 0.514773 0.0224609 0.515909 0.0224609 0.517045 0.0205078 0.519318 0.0175781 0.519318 0.0175781 0.563636 0.0214844 0.563636 0.0224609 0.564773 0.0224609 0.569318 0.03125 0.569318 0.03125 0.565909 0.0341797 0.5625 0.0351562 0.5625 0.0361328 0.561364 0.0371094 0.561364 0.0400391 0.557955 0.0410156 0.557955 0.0449219 0.553409 0.0458984 0.553409 0.0458984 0.552273 0.0478516 0.55 0.0478516 0.548864 0.0488281 0.547727 0.0488281 0.546591 0.0498047 0.545455 0.0498047 0.543182 0.0507812 0.542045 0.0507812 0.539773 0.0517578 0.538636 0.0517578 0.536364 0.0527344 0.535227 0.0527344 0.531818 0.0537109 0.530682 0.0537109 0.526136 0.0546875 0.525 0.0546875 0.510227 0.0537109 0.509091 0.0537109 0.506818 0.0527344 0.505682 0.0527344 0.504545 0.0517578 0.503409 0.0517578 0.502273 0.0507812 0.501136 0.0507812 0.498864 0.0498047 0.497727 0.0498047 0.493182
1 0.31543 0.693182 0.31543 0.696591 0.313477 0.698864 0.3125 0.698864 0.310547 0.701136 0.30957 0.701136 0.307617 0.703409 0.306641 0.703409 0.305664 0.704545 0.304688 0.704545 0.303711 0.705682 0.302734 0.705682 0.300781 0.707955 0.299805 0.707955 0.298828 0.709091 0.296875 0.709091 0.295898 0.710227 0.294922 0.710227 0.292969 0.7125 0.291016 0.7125 0.290039 0.713636 0.288086 0.713636 0.287109 0.714773 0.286133 0.714773 0.285156 0.715909 0.28418 0.715909 0.283203 0.717045 0.282227 0.717045 0.280273 0.719318 0.279297 0.719318 0.27832 0.720455 0.277344 0.720455 0.274414 0.723864 0.273438 0.723864 0.267578 0.730682 0.263672 0.730682 0.263672 0.746591 0.267578 0.746591 0.269531 0.748864 0.270508 0.748864 0.271484 0.75 0.272461 0.75 0.274414 0.752273 0.276367 0.752273 0.277344 0.753409 0.280273 0.753409 0.28125 0.754545 0.283203 0.754545 0.28418 0.755682 0.285156 0.755682 0.286133 0.756818 0.286133 0.760227 0.291992 0.760227 0.291992 0.756818 0.294922 0.753409 0.295898 0.753409 0.296875 0.752273 0.297852 0.752273 0.301758 0.747727 0.302734 0.747727 0.303711 0.746591 0.304688 0.746591 0.306641 0.744318 0.307617 0.744318 0.30957 0.742045 0.310547 0.742045 0.311523 0.740909 0.313477 0.740909 0.314453 0.739773 0.31543 0.739773 0.316406 0.738636 0.318359 0.738636 0.319336 0.7375 0.321289 0.7375 0.322266 0.736364 0.325195 0.736364 0.326172 0.735227 0.327148 0.735227 0.328125 0.734091 0.329102 0.734091 0.330078 0.732955 0.331055 0.732955 0.332031 0.731818 0.333008 0.731818 0.333984 0.730682 0.334961 0.730682 0.335938 0.729545 0.336914 0.729545 0.337891 0.728409 0.338867 0.728409 0.339844 0.727273 0.34082 0.727273 0.341797 0.726136 0.342773 0.726136 0.34375 0.725 0.344727 0.725 0.347656 0.721591 0.348633 0.721591 0.354492 0.714773 0.354492 0.713636 0.355469 0.7125 0.355469 0.711364 0.357422 0.709091 0.360352 0.709091 0.360352 0.7 0.357422 0.7 0.355469 0.697727 0.355469 0.693182
1 0.524414 0.320455 0.524414 0.323864 0.515625 0.334091 0.515625 0.335227 0.512695 0.338636 0.512695 0.339773 0.509766 0.343182 0.509766 0.344318 0.503906 0.351136 0.50293 0.351136 0.501953 0.352273 0.498047 0.352273 0.498047 0.367045 0.501953 0.367045 0.503906 0.369318 0.504883 0.369318 0.505859 0.370455 0.506836 0.370455 0.507812 0.371591 0.508789 0.371591 0.509766 0.372727 0.510742 0.372727 0.512695 0.375 0.512695 0.378409 0.519531 0.378409 0.519531 0.375 0.520508 0.373864 0.521484 0.373864 0.522461 0.372727 0.523438 0.372727 0.524414 0.371591 0.525391 0.371591 0.527344 0.369318 0.52832 0.369318 0.535156 0.361364 0.536133 0.361364 0.544922 0.351136 0.544922 0.35 0.546875 0.347727 0.546875 0.346591 0.547852 0.345455 0.547852 0.344318 0.548828 0.343182 0.548828 0.342045 0.549805 0.340909 0.549805 0.338636 0.550781 0.3375 0.550781 0.326136 0.549805 0.325 0.549805 0.320455
0 0.615234 0.0613636 0.615234 0.0931818 0.618164 0.0931818 0.621094 0.0965909 0.621094 0.0977273 0.62207 0.0988636 0.62207 0.1 0.624023 0.102273 0.624023 0.103409 0.625977 0.105682 0.625977 0.106818 0.62793 0.109091 0.62793 0.110227 0.628906 0.111364 0.628906 0.1125 0.629883 0.113636 0.629883 0.114773 0.630859 0.115909 0.630859 0.117045 0.631836 0.118182 0.631836 0.119318 0.633789 0.121591 0.633789 0.122727 0.634766 0.123864 0.634766 0.125 0.635742 0.126136 0.635742 0.128409 0.637695 0.130682 0.637695 0.131818 0.638672 0.132955 0.638672 0.134091 0.639648 0.135227 0.639648 0.136364 0.641602 0.138636 0.641602 0.139773 0.642578 0.140909 0.642578 0.142045 0.644531 0.144318 0.644531 0.145455 0.645508 0.146591 0.645508 0.147727 0.649414 0.152273 0.649414 0.153409 0.668945 0.176136 0.669922 0.176136 0.672852 0.179545 0.673828 0.179545 0.675781 0.181818 0.676758 0.181818 0.678711 0.184091 0.679688 0.184091 0.680664 0.185227 0.681641 0.185227 0.682617 0.186364 0.683594 0.186364 0.685547 0.188636 0.686523 0.188636 0.6875 0.189773 0.69043 0.189773 0.691406 0.190909 0.694336 0.190909 0.695312 0.189773 0.697266 0.189773 0.698242 0.188636 0.698242 0.1875 0.699219 0.186364 0.699219 0.185227 0.701172 0.182955 0.704102 0.182955 0.704102 0.172727 0.701172 0.172727 0.700195 0.171591 0.700195 0.168182 0.699219 0.167045 0.699219 0.163636 0.698242 0.1625 0.698242 0.161364 0.697266 0.160227 0.697266 0.159091 0.696289 0.157955 0.696289 0.156818 0.693359 0.153409 0.693359 0.152273 0.691406 0.15 0.691406 0.148864 0.69043 0.147727 0.69043 0.146591 0.688477 0.144318 0.688477 0.143182 0.6875 0.142045 0.6875 0.139773 0.686523 0.138636 0.686523 0.1375 0.685547 0.136364 0.685547 0.135227 0.68457 0.134091 0.68457 0.132955 0.683594 0.131818 0.683594 0.130682 0.682617 0.129545 0.682617 0.128409 0.681641 0.127273 0.681641 0.126136 0.680664 0.125 0.680664 0.123864 0.679688 0.122727 0.679688 0.121591 0.677734 0.119318 0.677734 0.118182 0.671875 0.111364 0.671875 0.110227 0.670898 0.109091 0.670898 0.107955 0.668945 0.105682 0.668945 0.104545 0.664062 0.0988636 0.664062 0.0977273 0.646484 0.0772727 0.646484 0.0761364 0.645508 0.075 0.644531 0.075 0.640625 0.0704545 0.639648 0.0704545 0.638672 0.0693182 0.637695 0.0693182 0.636719 0.0681818 0.635742 0.0681818 0.634766 0.0670455 0.633789 0.0670455 0.632812 0.0659091 0.631836 0.0659091 0.630859 0.0647727 0.630859 0.0613636
0 0.431641 0.511364 0.431641 0.515909 0.428711 0.519318 0.428711 0.520455 0.426758 0.522727 0.423828 0.522727 0.423828 0.546591 0.426758 0.546591 0.431641 0.552273 0.431641 0.553409 0.433594 0.555682 0.433594 0.556818 0.436523 0.560227 0.4375 0.560227 0.438477 0.561364 0.439453 0.561364 0.441406 0.563636 0.442383 0.563636 0.444336 0.565909 0.446289 0.565909 0.447266 0.567045 0.450195 0.567045 0.451172 0.568182 0.454102 0.568182 0.455078 0.569318 0.456055 0.569318 0.457031 0.570455 0.457031 0.573864 0.476562 0.573864 0.476562 0.570455 0.479492 0.567045 0.480469 0.567045 0.481445 0.565909 0.485352 0.565909 0.485352 0.548864 0.482422 0.548864 0.481445 0.547727 0.481445 0.546591 0.480469 0.545455 0.480469 0.544318 0.479492 0.543182 0.479492 0.542045 0.478516 0.540909 0.478516 0.539773 0.477539 0.538636 0.477539 0.5375 0.476562 0.536364 0.476562 0.535227 0.467773 0.525 0.466797 0.525 0.461914 0.519318 0.461914 0.518182 0.459961 0.515909 0.459961 0.511364
1 0.791992 0.497727 0.791992 0.502273 0.790039 0.504545 0.790039 0.505682 0.789062 0.506818 0.789062 0.507955 0.787109 0.510227 0.787109 0.511364 0.786133 0.5125 0.786133 0.513636 0.785156 0.514773 0.785156 0.517045 0.78418 0.518182 0.78418 0.519318 0.783203 0.520455 0.783203 0.521591 0.782227 0.522727 0.782227 0.525 0.78125 0.526136 0.78125 0.527273 0.780273 0.528409 0.780273 0.530682 0.779297 0.531818 0.779297 0.535227 0.77832 0.536364 0.77832 0.543182 0.777344 0.544318 0.777344 0.551136 0.776367 0.552273 0.776367 0.555682 0.775391 0.556818 0.775391 0.560227 0.774414 0.561364 0.774414 0.565909 0.773438 0.567045 0.773438 0.571591 0.772461 0.572727 0.772461 0.576136 0.771484 0.577273 0.771484 0.579545 0.770508 0.580682 0.770508 0.584091 0.769531 0.585227 0.769531 0.589773 0.768555 0.590909 0.768555 0.594318 0.767578 0.595455 0.767578 0.596591 0.766602 0.597727 0.763672 0.597727 0.763672 0.623864 0.767578 0.623864 0.768555 0.625 0.768555 0.628409 0.775391 0.628409 0.775391 0.625 0.776367 0.623864 0.777344 0.623864 0.77832 0.622727 0.780273 0.622727 0.782227 0.620455 0.783203 0.620455 0.786133 0.617045 0.787109 0.617045 0.789062 0.614773 0.789062 0.613636 0.790039 0.6125 0.790039 0.611364 0.791992 0.609091 0.791992 0.607955 0.792969 0.606818 0.792969 0.605682 0.794922 0.603409 0.794922 0.602273 0.795898 0.601136 0.795898 0.6 0.796875 0.598864 0.796875 0.596591 0.797852 0.595455 0.797852 0.593182 0.798828 0.592045 0.798828 0.589773 0.799805 0.588636 0.799805 0.584091 0.800781 0.582955 0.800781 0.577273 0.801758 0.576136 0.801758 0.570455 0.802734 0.569318 0.802734 0.565909 0.803711 0.564773 0.803711 0.557955 0.804688 0.556818 0.804688 0.552273 0.805664 0.551136 0.805664 0.548864 0.806641 0.547727 0.806641 0.542045 0.807617 0.540909 0.807617 0.536364 0.808594 0.535227 0.808594 0.530682 0.80957 0.529545 0.80957 0.526136 0.810547 0.525 0.810547 0.521591 0.811523 0.520455 0.811523 0.515909 0.8125 0.514773 0.8125 0.510227 0.811523 0.509091 0.811523 0.504545 0.80957 0.502273 0.80957 0.497727
0 0.201172 0.784091 0.201172 0.788636 0.200195 0.789773 0.200195 0.790909 0.199219 0.792045 0.199219 0.793182 0.198242 0.794318 0.197266 0.794318 0.194336 0.797727 0.193359 0.797727 0.191406 0.8 0.19043 0.8 0.188477 0.802273 0.1875 0.802273 0.185547 0.804545 0.18457 0.804545 0.176758 0.813636 0.176758 0.814773 0.174805 0.817045 0.174805 0.818182 0.172852 0.820455 0.172852 0.821591 0.170898 0.823864 0.170898 0.825 0.166992 0.829545 0.166992 0.830682 0.164062 0.834091 0.164062 0.835227 0.161133 0.838636 0.161133 0.839773 0.160156 0.840909 0.160156 0.842045 0.15918 0.843182 0.15918 0.844318 0.157227 0.846591 0.154297 0.846591 0.154297 0.873864 0.186523 0.873864 0.186523 0.870455 0.1875 0.869318 0.188477 0.869318 0.189453 0.868182 0.19043 0.868182 0.191406 0.867045 0.192383 0.867045 0.193359 0.865909 0.194336 0.865909 0.201172 0.857955 0.201172 0.856818 0.208984 0.847727 0.208984 0.846591 0.213867 0.840909 0.213867 0.839773 0.216797 0.836364 0.216797 0.835227 0.220703 0.830682 0.220703 0.829545 0.222656 0.827273 0.222656 0.826136 0.226562 0.821591 0.226562 0.820455 0.227539 0.819318 0.231445 0.819318 0.231445 0.802273 0.228516 0.802273 0.226562 0.8 0.226562 0.798864 0.225586 0.797727 0.225586 0.796591 0.224609 0.795455 0.224609 0.794318 0.223633 0.793182 0.223633 0.790909 0.222656 0.789773 0.222656 0.784091
0 0.467773 0.379545 0.467773 0.384091 0.46582 0.386364 0.46582 0.3875 0.464844 0.388636 0.464844 0.389773 0.463867 0.390909 0.463867 0.392045 0.462891 0.393182 0.458984 0.393182 0.458984 0.438636 0.461914 0.438636 0.462891 0.439773 0.462891 0.440909 0.463867 0.442045 0.463867 0.444318 0.464844 0.445455 0.464844 0.446591 0.46582 0.447727 0.46582 0.448864 0.467773 0.451136 0.467773 0.452273 0.473633 0.459091 0.474609 0.459091 0.475586 0.460227 0.476562 0.460227 0.477539 0.461364 0.479492 0.461364 0.480469 0.460227 0.481445 0.460227 0.481445 0.457955 0.482422 0.456818 0.482422 0.451136 0.483398 0.45 0.483398 0.446591 0.484375 0.445455 0.484375 0.443182 0.485352 0.442045 0.485352 0.439773 0.486328 0.438636 0.486328 0.436364 0.487305 0.435227 0.487305 0.432955 0.488281 0.431818 0.488281 0.430682 0.489258 0.429545 0.489258 0.427273 0.490234 0.426136 0.490234 0.425 0.491211 0.423864 0.491211 0.420455 0.492188 0.419318 0.492188 0.4125 0.491211 0.411364 0.491211 0.407955 0.490234 0.406818 0.490234 0.405682 0.489258 0.404545 0.489258 0.403409 0.487305 0.401136 0.487305 0.4 0.484375 0.396591 0.484375 0.395455 0.480469 0.390909 0.480469 0.389773 0.478516 0.3875 0.478516 0.386364 0.477539 0.385227 0.477539 0.384091 0.476562 0.382955 0.476562 0.379545
0 0.217773 0.0340909 0.217773 0.0375 0.21582 0.0397727 0.212891 0.0397727 0.212891 0.0965909 0.21582 0.0965909 0.217773 0.0988636 0.217773 0.1 0.21875 0.101136 0.21875 0.102273 0.219727 0.103409 0.219727 0.104545 0.220703 0.105682 0.220703 0.106818 0.22168 0.107955 0.22168 0.109091 0.222656 0.110227 0.222656 0.111364 0.223633 0.1125 0.223633 0.114773 0.224609 0.115909 0.223633 0.117045 0.223633 0.121591 0.222656 0.122727 0.222656 0.125 0.223633 0.126136 0.223633 0.130682 0.224609 0.131818 0.224609 0.132955 0.225586 0.134091 0.225586 0.136364 0.226562 0.1375 0.226562 0.138636 0.227539 0.139773 0.227539 0.142045 0.228516 0.143182 0.228516 0.144318 0.229492 0.145455 0.229492 0.146591 0.230469 0.147727 0.230469 0.15 0.231445 0.151136 0.231445 0.154545 0.232422 0.155682 0.232422 0.156818 0.233398 0.157955 0.233398 0.159091 0.234375 0.160227 0.234375 0.1625 0.235352 0.163636 0.235352 0.164773 0.237305 0.167045 0.237305 0.168182 0.244141 0.176136 0.245117 0.176136 0.248047 0.179545 0.248047 0.182955 0.257812 0.182955 0.257812 0.179545 0.260742 0.176136 0.261719 0.176136 0.263672 0.173864 0.263672 0.172727 0.265625 0.170455 0.265625 0.169318 0.266602 0.168182 0.266602 0.167045 0.267578 0.165909 0.270508 0.165909 0.270508 0.160227 0.267578 0.160227 0.266602 0.159091 0.266602 0.157955 0.265625 0.156818 0.265625 0.154545 0.264648 0.153409 0.264648 0.152273 0.263672 0.151136 0.263672 0.15 0.262695 0.148864 0.262695 0.147727 0.261719 0.146591 0.261719 0.144318 0.260742 0.143182 0.260742 0.140909 0.259766 0.139773 0.259766 0.1375 0.258789 0.136364 0.258789 0.134091 0.257812 0.132955 0.257812 0.131818 0.256836 0.130682 0.256836 0.128409 0.255859 0.127273 0.255859 0.125 0.254883 0.123864 0.254883 0.121591 0.253906 0.120455 0.253906 0.119318 0.25293 0.118182 0.25293 0.117045 0.251953 0.115909 0.251953 0.114773 0.250977 0.113636 0.250977 0.1125 0.25 0.111364 0.25 0.104545 0.249023 0.103409 0.249023 0.101136 0.25 0.1 0.25 0.0840909 0.249023 0.0829545 0.249023 0.075 0.248047 0.0738636 0.248047 0.0704545 0.24707 0.0693182 0.24707 0.0670455 0.246094 0.0659091 0.246094 0.0636364 0.245117 0.0625 0.245117 0.0602273 0.244141 0.0590909 0.244141 0.0568182 0.243164 0.0556818 0.243164 0.0545455 0.242188 0.0534091 0.242188 0.0522727 0.241211 0.0511364 0.241211 0.05 0.240234 0.0488636 0.240234 0.0477273 0.236328 0.0431818 0.236328 0.0420455 0.235352 0.0409091 0.235352 0.0397727 0.234375 0.0386364 0.234375 0.0340909
0 0.172852 0.465909 0.172852 0.469318 0.167969 0.475 0.166992 0.475 0.157227 0.486364 0.157227 0.4875 0.15625 0.488636 0.15625 0.489773 0.155273 0.490909 0.155273 0.492045 0.152344 0.495455 0.152344 0.496591 0.149414 0.5 0.146484 0.5 0.146484 0.5375 0.149414 0.5375 0.157227 0.546591 0.157227 0.551136 0.171875 0.551136 0.171875 0.547727 0.173828 0.545455 0.174805 0.545455 0.176758 0.543182 0.177734 0.543182 0.186523 0.532955 0.186523 0.531818 0.192383 0.525 0.192383 0.523864 0.194336 0.521591 0.194336 0.520455 0.196289 0.518182 0.196289 0.517045 0.198242 0.514773 0.198242 0.5125 0.199219 0.511364 0.199219 0.510227 0.200195 0.509091 0.200195 0.507955 0.201172 0.506818 0.204102 0.506818 0.204102 0.485227 0.201172 0.485227 0.200195 0.484091 0.200195 0.479545 0.199219 0.478409 0.199219 0.476136 0.198242 0.475 0.198242 0.473864 0.195312 0.470455 0.195312 0.465909
0 0.615234 0.565909 0.615234 0.569318 0.612305 0.572727 0.611328 0.572727 0.609375 0.575 0.608398 0.575 0.599609 0.585227 0.595703 0.585227 0.595703 0.603409 0.599609 0.603409 0.600586 0.604545 0.601562 0.604545 0.602539 0.605682 0.603516 0.605682 0.604492 0.606818 0.605469 0.606818 0.606445 0.607955 0.607422 0.607955 0.608398 0.609091 0.609375 0.609091 0.610352 0.610227 0.611328 0.610227 0.612305 0.611364 0.613281 0.611364 0.614258 0.6125 0.617188 0.6125 0.618164 0.613636 0.62207 0.613636 0.623047 0.6125 0.625 0.6125 0.625977 0.611364 0.62793 0.611364 0.628906 0.610227 0.630859 0.610227 0.631836 0.609091 0.632812 0.609091 0.633789 0.607955 0.634766 0.607955 0.636719 0.605682 0.637695 0.605682 0.639648 0.603409 0.640625 0.603409 0.642578 0.601136 0.643555 0.601136 0.648438 0.595455 0.649414 0.595455 0.65332 0.590909 0.65332 0.589773 0.655273 0.5875 0.655273 0.586364 0.658203 0.582955 0.661133 0.582955 0.661133 0.573864 0.658203 0.573864 0.655273 0.570455 0.655273 0.565909
1 0.579102 0.765909 0.579102 0.771591 0.578125 0.772727 0.578125 0.775 0.577148 0.776136 0.577148 0.778409 0.576172 0.779545 0.576172 0.781818 0.575195 0.782955 0.575195 0.784091 0.574219 0.785227 0.574219 0.786364 0.573242 0.7875 0.573242 0.789773 0.572266 0.790909 0.572266 0.792045 0.571289 0.793182 0.571289 0.794318 0.570312 0.795455 0.570312 0.797727 0.569336 0.798864 0.569336 0.801136 0.568359 0.802273 0.568359 0.804545 0.567383 0.805682 0.567383 0.810227 0.566406 0.811364 0.566406 0.814773 0.56543 0.815909 0.56543 0.818182 0.564453 0.819318 0.564453 0.820455 0.563477 0.821591 0.560547 0.821591 0.560547 0.868182 0.574219 0.868182 0.575195 0.867045 0.576172 0.867045 0.577148 0.865909 0.578125 0.865909 0.581055 0.8625 0.581055 0.861364 0.584961 0.856818 0.584961 0.855682 0.586914 0.853409 0.586914 0.851136 0.587891 0.85 0.587891 0.847727 0.588867 0.846591 0.588867 0.842045 0.589844 0.840909 0.589844 0.839773 0.59082 0.838636 0.59082 0.8375 0.591797 0.836364 0.591797 0.835227 0.592773 0.834091 0.592773 0.832955 0.59375 0.831818 0.59375 0.830682 0.594727 0.829545 0.594727 0.828409 0.595703 0.827273 0.595703 0.825 0.59668 0.823864 0.59668 0.821591 0.597656 0.820455 0.597656 0.817045 0.598633 0.815909 0.598633 0.810227 0.599609 0.809091 0.599609 0.801136 0.600586 0.8 0.600586 0.796591 0.601562 0.795455 0.601562 0.781818 0.600586 0.780682 0.600586 0.778409 0.598633 0.776136 0.598633 0.775 0.595703 0.771591 0.595703 0.770455 0.594727 0.769318 0.594727 0.765909
1 0.561523 0.606818 0.561523 0.610227 0.560547 0.611364 0.560547 0.6125 0.556641 0.617045 0.556641 0.618182 0.548828 0.627273 0.547852 0.627273 0.540039 0.636364 0.539062 0.636364 0.53418 0.642045 0.533203 0.642045 0.52832 0.647727 0.525391 0.647727 0.525391 0.677273 0.529297 0.677273 0.53125 0.679545 0.53125 0.682955 0.536133 0.682955 0.536133 0.679545 0.538086 0.677273 0.539062 0.677273 0.541016 0.675 0.541992 0.675 0.542969 0.673864 0.543945 0.673864 0.544922 0.672727 0.545898 0.672727 0.546875 0.671591 0.547852 0.671591 0.554688 0.663636 0.555664 0.663636 0.568359 0.648864 0.569336 0.648864 0.579102 0.6375 0.579102 0.636364 0.581055 0.634091 0.581055 0.632955 0.582031 0.631818 0.582031 0.630682 0.583008 0.629545 0.586914 0.629545 0.586914 0.622727 0.583984 0.622727 0.583008 0.621591 0.583008 0.620455 0.582031 0.619318 0.582031 0.618182 0.580078 0.615909 0.580078 0.614773 0.578125 0.6125 0.578125 0.611364 0.577148 0.610227 0.577148 0.606818
1 0.525391 0.675 0.525391 0.7 0.52832 0.7 0.529297 0.701136 0.530273 0.701136 0.53125 0.702273 0.532227 0.702273 0.533203 0.703409 0.535156 0.703409 0.536133 0.704545 0.537109 0.704545 0.538086 0.705682 0.540039 0.705682 0.541016 0.706818 0.542969 0.706818 0.543945 0.707955 0.545898 0.707955 0.546875 0.709091 0.549805 0.709091 0.551758 0.711364 0.551758 0.714773 0.570312 0.714773 0.570312 0.711364 0.571289 0.710227 0.574219 0.710227 0.575195 0.709091 0.588867 0.709091 0.589844 0.710227 0.59082 0.710227 0.591797 0.711364 0.591797 0.714773 0.599609 0.714773 0.599609 0.711364 0.601562 0.709091 0.602539 0.709091 0.604492 0.706818 0.605469 0.706818 0.609375 0.702273 0.610352 0.702273 0.613281 0.698864 0.614258 0.698864 0.617188 0.695455 0.617188 0.694318 0.618164 0.693182 0.62207 0.693182 0.62207 0.692045 0.618164 0.692045 0.617188 0.690909 0.617188 0.689773 0.616211 0.688636 0.615234 0.688636 0.614258 0.6875 0.612305 0.6875 0.611328 0.686364 0.603516 0.686364 0.602539 0.685227 0.59375 0.685227 0.592773 0.684091 0.588867 0.684091 0.587891 0.682955 0.584961 0.682955 0.583984 0.681818 0.580078 0.681818 0.579102 0.680682 0.576172 0.680682 0.574219 0.678409 0.574219 0.675
1 0.333984 0.270455 0.333984 0.281818 0.337891 0.281818 0.34082 0.285227 0.341797 0.285227 0.34375 0.2875 0.344727 0.2875 0.34668 0.289773 0.347656 0.289773 0.348633 0.290909 0.349609 0.290909 0.350586 0.292045 0.351562 0.292045 0.353516 0.294318 0.355469 0.294318 0.356445 0.295455 0.359375 0.295455 0.360352 0.296591 0.363281 0.296591 0.364258 0.297727 0.366211 0.297727 0.367188 0.298864 0.371094 0.298864 0.37207 0.3 0.375 0.3 0.375977 0.301136 0.37793 0.301136 0.378906 0.302273 0.378906 0.305682 0.384766 0.305682 0.384766 0.302273 0.386719 0.3 0.388672 0.3 0.389648 0.298864 0.390625 0.298864 0.391602 0.297727 0.392578 0.297727 0.392578 0.293182 0.391602 0.292045 0.390625 0.292045 0.385742 0.286364 0.384766 0.286364 0.381836 0.282955 0.380859 0.282955 0.378906 0.280682 0.37793 0.280682 0.375977 0.278409 0.374023 0.278409 0.373047 0.277273 0.371094 0.277273 0.370117 0.276136 0.368164 0.276136 0.366211 0.273864 0.366211 0.270455
0 0.400391 0.238636 0.400391 0.276136 0.40332 0.276136 0.40625 0.279545 0.40625 0.281818 0.407227 0.282955 0.407227 0.285227 0.408203 0.286364 0.408203 0.2875 0.40918 0.288636 0.40918 0.290909 0.410156 0.292045 0.410156 0.294318 0.411133 0.295455 0.411133 0.296591 0.413086 0.298864 0.413086 0.3 0.415039 0.302273 0.415039 0.303409 0.427734 0.318182 0.428711 0.318182 0.4375 0.328409 0.4375 0.329545 0.444336 0.3375 0.444336 0.342045 0.458984 0.342045 0.458984 0.338636 0.459961 0.3375 0.459961 0.336364 0.461914 0.334091 0.46582 0.334091 0.46582 0.318182 0.462891 0.318182 0.459961 0.314773 0.459961 0.313636 0.458008 0.311364 0.458008 0.310227 0.456055 0.307955 0.456055 0.306818 0.455078 0.305682 0.455078 0.304545 0.453125 0.302273 0.453125 0.301136 0.452148 0.3 0.452148 0.298864 0.450195 0.296591 0.450195 0.295455 0.448242 0.293182 0.448242 0.292045 0.447266 0.290909 0.447266 0.289773 0.445312 0.2875 0.445312 0.285227 0.444336 0.284091 0.444336 0.282955 0.443359 0.281818 0.443359 0.280682 0.442383 0.279545 0.442383 0.277273 0.441406 0.276136 0.441406 0.273864 0.44043 0.272727 0.44043 0.271591 0.439453 0.270455 0.439453 0.269318 0.438477 0.268182 0.438477 0.267045 0.4375 0.265909 0.4375 0.264773 0.436523 0.263636 0.436523 0.2625 0.435547 0.261364 0.435547 0.260227 0.432617 0.256818 0.432617 0.255682 0.431641 0.254545 0.430664 0.254545 0.422852 0.245455 0.421875 0.245455 0.418945 0.242045 0.418945 0.238636
0 0.0410156 0.825 0.0410156 0.85 0.0449219 0.85 0.0458984 0.851136 0.0458984 0.852273 0.0517578 0.859091 0.0517578 0.860227 0.0566406 0.865909 0.0585938 0.865909 0.0595703 0.867045 0.0625 0.867045 0.0634766 0.868182 0.0673828 0.868182 0.0683594 0.869318 0.0703125 0.869318 0.0712891 0.870455 0.0712891 0.873864 0.0917969 0.873864 0.0917969 0.870455 0.0927734 0.869318 0.0947266 0.869318 0.0976562 0.865909 0.0976562 0.864773 0.0966797 0.863636 0.0966797 0.8625 0.0957031 0.861364 0.0957031 0.860227 0.0947266 0.859091 0.0947266 0.857955 0.09375 0.856818 0.09375 0.855682 0.0927734 0.854545 0.0927734 0.853409 0.0917969 0.852273 0.0917969 0.851136 0.0908203 0.85 0.0908203 0.848864 0.0878906 0.845455 0.0878906 0.844318 0.0869141 0.843182 0.0869141 0.842045 0.0791016 0.832955 0.078125 0.832955 0.0761719 0.830682 0.0751953 0.830682 0.0732422 0.828409 0.0732422 0.825
1 0.455078 0.00227273 0.455078 0.0204545 0.458008 0.0204545 0.459961 0.0227273 0.459961 0.025 0.460938 0.0261364 0.460938 0.0272727 0.461914 0.0284091 0.461914 0.0295455 0.462891 0.0306818 0.462891 0.0318182 0.464844 0.0340909 0.464844 0.0352273 0.46582 0.0363636 0.46582 0.0375 0.46875 0.0409091 0.46875 0.0420455 0.47168 0.0454545 0.47168 0.0465909 0.472656 0.0465909 0.477539 0.0522727 0.478516 0.0522727 0.479492 0.0534091 0.480469 0.0534091 0.482422 0.0556818 0.483398 0.0545455 0.484375 0.0545455 0.486328 0.0522727 0.489258 0.0522727 0.489258 0.0204545 0.486328 0.0204545 0.485352 0.0193182 0.485352 0.0159091 0.484375 0.0147727 0.484375 0.0136364 0.483398 0.0125 0.483398 0.0102273 0.482422 0.00909091 0.482422 0.00795455 0.481445 0.00681818 0.481445 0.00227273
0 0.568359 0.711364 0.568359 0.735227 0.571289 0.735227 0.574219 0.738636 0.574219 0.739773 0.576172 0.742045 0.576172 0.743182 0.580078 0.747727 0.580078 0.748864 0.584961 0.754545 0.584961 0.755682 0.59375 0.765909 0.59375 0.767045 0.601562 0.776136 0.601562 0.777273 0.607422 0.784091 0.607422 0.785227 0.609375 0.7875 0.609375 0.788636 0.612305 0.792045 0.612305 0.793182 0.614258 0.795455 0.614258 0.796591 0.615234 0.797727 0.615234 0.798864 0.617188 0.801136 0.617188 0.802273 0.618164 0.803409 0.618164 0.804545 0.619141 0.805682 0.619141 0.806818 0.621094 0.809091 0.621094 0.810227 0.62207 0.811364 0.62207 0.8125 0.624023 0.814773 0.624023 0.815909 0.626953 0.819318 0.626953 0.820455 0.628906 0.822727 0.628906 0.823864 0.637695 0.834091 0.637695 0.8375 0.651367 0.8375 0.651367 0.834091 0.654297 0.830682 0.655273 0.830682 0.657227 0.828409 0.661133 0.828409 0.661133 0.802273 0.658203 0.802273 0.65625 0.8 0.65625 0.797727 0.655273 0.796591 0.655273 0.795455 0.65332 0.793182 0.65332 0.792045 0.652344 0.790909 0.652344 0.789773 0.650391 0.7875 0.650391 0.786364 0.648438 0.784091 0.648438 0.782955 0.644531 0.778409 0.644531 0.777273 0.638672 0.770455 0.638672 0.769318 0.635742 0.765909 0.635742 0.764773 0.634766 0.763636 0.634766 0.7625 0.633789 0.761364 0.633789 0.760227 0.632812 0.759091 0.632812 0.757955 0.630859 0.755682 0.630859 0.754545 0.629883 0.753409 0.629883 0.752273 0.62793 0.75 0.62793 0.748864 0.626953 0.747727 0.626953 0.746591 0.625977 0.745455 0.625977 0.744318 0.615234 0.731818 0.614258 0.731818 0.607422 0.723864 0.606445 0.723864 0.604492 0.721591 0.603516 0.721591 0.599609 0.717045 0.598633 0.717045 0.59668 0.714773 0.59668 0.711364
0 0.288086 0.0159091 0.288086 0.0215909 0.287109 0.0227273 0.287109 0.0238636 0.28418 0.0272727 0.28418 0.0284091 0.280273 0.0329545 0.280273 0.0340909 0.27832 0.0363636 0.27832 0.0375 0.277344 0.0386364 0.277344 0.0397727 0.275391 0.0420455 0.275391 0.0431818 0.274414 0.0443182 0.274414 0.0454545 0.272461 0.0477273 0.272461 0.0488636 0.271484 0.05 0.271484 0.0511364 0.270508 0.0522727 0.270508 0.0534091 0.268555 0.0556818 0.268555 0.0568182 0.267578 0.0579545 0.267578 0.0602273 0.266602 0.0613636 0.266602 0.0625 0.265625 0.0636364 0.265625 0.0647727 0.264648 0.0659091 0.264648 0.0681818 0.263672 0.0693182 0.263672 0.0704545 0.262695 0.0715909 0.262695 0.0727273 0.261719 0.0738636 0.261719 0.075 0.258789 0.0784091 0.255859 0.0784091 0.255859 0.138636 0.258789 0.138636 0.260742 0.140909 0.260742 0.142045 0.261719 0.143182 0.261719 0.144318 0.262695 0.145455 0.262695 0.146591 0.263672 0.147727 0.263672 0.148864 0.264648 0.15 0.264648 0.151136 0.267578 0.154545 0.270508 0.154545 0.271484 0.153409 0.272461 0.153409 0.277344 0.147727 0.27832 0.147727 0.27832 0.146591 0.28125 0.143182 0.28125 0.142045 0.283203 0.139773 0.283203 0.138636 0.28418 0.1375 0.28418 0.136364 0.285156 0.135227 0.285156 0.134091 0.286133 0.132955 0.286133 0.131818 0.287109 0.130682 0.287109 0.129545 0.288086 0.128409 0.288086 0.126136 0.289062 0.125 0.289062 0.123864 0.290039 0.122727 0.290039 0.121591 0.291016 0.120455 0.291016 0.119318 0.291992 0.118182 0.291992 0.117045 0.292969 0.115909 0.292969 0.113636 0.293945 0.1125 0.293945 0.110227 0.294922 0.109091 0.294922 0.106818 0.295898 0.105682 0.295898 0.103409 0.296875 0.102273 0.296875 0.0988636 0.297852 0.0977273 0.297852 0.0954545 0.298828 0.0943182 0.298828 0.0909091 0.299805 0.0897727 0.299805 0.0863636 0.300781 0.0852273 0.300781 0.0465909 0.299805 0.0454545 0.299805 0.0409091 0.298828 0.0397727 0.298828 0.0375 0.297852 0.0363636 0.297852 0.0329545 0.296875 0.0318182 0.296875 0.0261364 0.295898 0.025 0.295898 0.0159091
0 0.615234 0.452273 0.615234 0.485227 0.619141 0.485227 0.620117 0.486364 0.620117 0.4875 0.62207 0.489773 0.62207 0.490909 0.623047 0.492045 0.623047 0.493182 0.625 0.495455 0.625 0.496591 0.626953 0.498864 0.626953 0.5 0.628906 0.502273 0.628906 0.503409 0.629883 0.504545 0.629883 0.505682 0.633789 0.510227 0.633789 0.511364 0.642578 0.521591 0.643555 0.521591 0.646484 0.525 0.646484 0.528409 0.655273 0.528409 0.655273 0.525 0.657227 0.522727 0.658203 0.522727 0.661133 0.519318 0.665039 0.519318 0.665039 0.501136 0.662109 0.501136 0.660156 0.498864 0.660156 0.497727 0.65918 0.496591 0.65918 0.494318 0.658203 0.493182 0.658203 0.490909 0.657227 0.489773 0.657227 0.488636 0.65625 0.4875 0.65625 0.486364 0.655273 0.485227 0.655273 0.484091 0.654297 0.482955 0.654297 0.481818 0.65332 0.480682 0.65332 0.478409 0.651367 0.476136 0.651367 0.475 0.649414 0.472727 0.649414 0.471591 0.645508 0.467045 0.645508 0.465909 0.641602 0.461364 0.640625 0.461364 0.635742 0.455682 0.635742 0.452273
0 0.486328 0.465909 0.486328 0.494318 0.489258 0.494318 0.493164 0.498864 0.493164 0.5 0.49707 0.504545 0.49707 0.505682 0.506836 0.517045 0.507812 0.517045 0.510742 0.520455 0.511719 0.520455 0.513672 0.522727 0.514648 0.522727 0.516602 0.525 0.516602 0.528409 0.520508 0.528409 0.520508 0.525 0.523438 0.521591 0.524414 0.521591 0.525391 0.520455 0.525391 0.519318 0.527344 0.517045 0.527344 0.515909 0.530273 0.5125 0.530273 0.510227 0.53125 0.509091 0.53125 0.505682 0.532227 0.504545 0.532227 0.497727 0.53125 0.496591 0.53125 0.492045 0.530273 0.490909 0.530273 0.488636 0.529297 0.4875 0.529297 0.486364 0.52832 0.485227 0.52832 0.484091 0.527344 0.482955 0.527344 0.481818 0.525391 0.479545 0.525391 0.478409 0.523438 0.476136 0.523438 0.475 0.520508 0.471591 0.520508 0.470455 0.519531 0.469318 0.519531 0.465909
1 0.388672 0.497727 0.388672 0.501136 0.384766 0.505682 0.383789 0.505682 0.371094 0.520455 0.371094 0.521591 0.362305 0.531818 0.362305 0.532955 0.356445 0.539773 0.353516 0.539773 0.353516 0.569318 0.366211 0.569318 0.366211 0.565909 0.368164 0.563636 0.369141 0.563636 0.370117 0.5625 0.371094 0.5625 0.37207 0.561364 0.373047 0.561364 0.374023 0.560227 0.375 0.560227 0.375977 0.559091 0.376953 0.559091 0.378906 0.556818 0.379883 0.556818 0.390625 0.544318 0.390625 0.543182 0.393555 0.539773 0.393555 0.538636 0.395508 0.536364 0.395508 0.535227 0.397461 0.532955 0.397461 0.531818 0.400391 0.528409 0.400391 0.527273 0.402344 0.525 0.402344 0.523864 0.405273 0.520455 0.405273 0.518182 0.40625 0.517045 0.40625 0.5125 0.407227 0.511364 0.407227 0.504545 0.40918 0.502273 0.410156 0.502273 0.411133 0.501136 0.411133 0.497727
0 0.486328 0 0.486328 0.0102273 0.489258 0.0102273 0.490234 0.0113636 0.491211 0.0113636 0.493164 0.0136364 0.494141 0.0136364 0.496094 0.0159091 0.498047 0.0159091 0.5 0.0181818 0.500977 0.0181818 0.50293 0.0204545 0.503906 0.0204545 0.504883 0.0215909 0.505859 0.0215909 0.506836 0.0227273 0.507812 0.0227273 0.508789 0.0238636 0.509766 0.0238636 0.510742 0.025 0.511719 0.025 0.512695 0.0261364 0.513672 0.0261364 0.514648 0.0272727 0.515625 0.0272727 0.517578 0.0295455 0.518555 0.0295455 0.521484 0.0329545 0.522461 0.0329545 0.530273 0.0420455 0.53125 0.0420455 0.540039 0.0522727 0.541016 0.0522727 0.544922 0.0568182 0.545898 0.0568182 0.548828 0.0602273 0.549805 0.0602273 0.552734 0.0636364 0.553711 0.0636364 0.554688 0.0647727 0.554688 0.0693182 0.567383 0.0693182 0.567383 0.0659091 0.568359 0.0647727 0.570312 0.0647727 0.571289 0.0636364 0.574219 0.0636364 0.575195 0.0625 0.577148 0.0625 0.578125 0.0613636 0.583008 0.0613636 0.583008 0.0420455 0.579102 0.0420455 0.578125 0.0409091 0.578125 0.0397727 0.577148 0.0386364 0.577148 0.0375 0.574219 0.0340909 0.574219 0.0329545 0.571289 0.0295455 0.571289 0.0284091 0.560547 0.0159091 0.560547 0.0147727 0.557617 0.0113636 0.557617 0.0102273 0.556641 0.00909091 0.556641 0.00795455 0.554688 0.00568182 0.554688 0.00454545 0.552734 0.00227273 0.552734 0
1 0.666992 0.611364 0.666992 0.614773 0.665039 0.617045 0.664062 0.617045 0.662109 0.619318 0.661133 0.619318 0.660156 0.620455 0.658203 0.620455 0.657227 0.621591 0.655273 0.621591 0.654297 0.622727 0.65332 0.622727 0.652344 0.623864 0.650391 0.623864 0.649414 0.625 0.647461 0.625 0.646484 0.626136 0.645508 0.626136 0.644531 0.627273 0.642578 0.627273 0.641602 0.628409 0.639648 0.628409 0.638672 0.629545 0.635742 0.629545 0.634766 0.630682 0.633789 0.630682 0.632812 0.631818 0.630859 0.631818 0.629883 0.632955 0.628906 0.632955 0.62793 0.634091 0.625977 0.634091 0.625 0.635227 0.62207 0.635227 0.621094 0.636364 0.618164 0.636364 0.617188 0.6375 0.615234 0.6375 0.614258 0.638636 0.610352 0.638636 0.609375 0.639773 0.607422 0.639773 0.606445 0.640909 0.605469 0.640909 0.604492 0.642045 0.603516 0.642045 0.599609 0.646591 0.595703 0.646591 0.595703 0.667045 0.599609 0.667045 0.600586 0.668182 0.604492 0.668182 0.605469 0.669318 0.607422 0.669318 0.608398 0.670455 0.608398 0.673864 0.637695 0.673864 0.637695 0.670455 0.638672 0.669318 0.639648 0.669318 0.640625 0.668182 0.644531 0.668182 0.645508 0.667045 0.648438 0.667045 0.649414 0.665909 0.650391 0.665909 0.65332 0.6625 0.654297 0.6625 0.65918 0.656818 0.660156 0.656818 0.661133 0.655682 0.663086 0.655682 0.664062 0.654545 0.666992 0.654545 0.667969 0.653409 0.668945 0.653409 0.669922 0.652273 0.670898 0.652273 0.671875 0.651136 0.672852 0.651136 0.673828 0.65 0.674805 0.65 0.676758 0.647727 0.677734 0.647727 0.682617 0.642045 0.682617 0.640909 0.68457 0.638636 0.68457 0.6375 0.686523 0.635227 0.686523 0.634091 0.689453 0.630682 0.692383 0.630682 0.692383 0.621591 0.689453 0.621591 0.6875 0.619318 0.6875 0.617045 0.686523 0.615909 0.686523 0.611364
1 0.568359 0.711364 0.568359 0.735227 0.571289 0.735227 0.574219 0.738636 0.574219 0.739773 0.576172 0.742045 0.576172 0.743182 0.580078 0.747727 0.580078 0.748864 0.584961 0.754545 0.584961 0.755682 0.59375 0.765909 0.59375 0.767045 0.602539 0.777273 0.602539 0.778409 0.607422 0.784091 0.607422 0.785227 0.610352 0.788636 0.610352 0.789773 0.612305 0.792045 0.612305 0.793182 0.614258 0.795455 0.614258 0.796591 0.615234 0.797727 0.615234 0.798864 0.617188 0.801136 0.617188 0.802273 0.618164 0.803409 0.618164 0.804545 0.619141 0.805682 0.619141 0.806818 0.621094 0.809091 0.621094 0.810227 0.62207 0.811364 0.62207 0.8125 0.624023 0.814773 0.624023 0.815909 0.626953 0.819318 0.626953 0.820455 0.628906 0.822727 0.628906 0.823864 0.637695 0.834091 0.637695 0.8375 0.651367 0.8375 0.651367 0.834091 0.65332 0.831818 0.654297 0.831818 0.65625 0.829545 0.657227 0.829545 0.658203 0.828409 0.661133 0.828409 0.661133 0.803409 0.658203 0.803409 0.657227 0.802273 0.657227 0.801136 0.65625 0.8 0.65625 0.798864 0.655273 0.797727 0.655273 0.795455 0.65332 0.793182 0.65332 0.792045 0.652344 0.790909 0.652344 0.789773 0.650391 0.7875 0.650391 0.786364 0.648438 0.784091 0.648438 0.782955 0.644531 0.778409 0.644531 0.777273 0.637695 0.769318 0.637695 0.768182 0.635742 0.765909 0.635742 0.764773 0.634766 0.763636 0.634766 0.7625 0.632812 0.760227 0.632812 0.759091 0.631836 0.757955 0.631836 0.756818 0.630859 0.755682 0.630859 0.754545 0.628906 0.752273 0.628906 0.751136 0.62793 0.75 0.62793 0.748864 0.626953 0.747727 0.626953 0.746591 0.625 0.744318 0.625 0.743182 0.615234 0.731818 0.614258 0.731818 0.607422 0.723864 0.606445 0.723864 0.604492 0.721591 0.603516 0.721591 0.599609 0.717045 0.598633 0.717045 0.59668 0.714773 0.59668 0.711364
0 0.904297 0.684091 0.904297 0.6875 0.902344 0.689773 0.901367 0.689773 0.899414 0.692045 0.896484 0.692045 0.896484 0.721591 0.899414 0.721591 0.900391 0.722727 0.901367 0.722727 0.902344 0.723864 0.90332 0.723864 0.904297 0.725 0.905273 0.725 0.90625 0.726136 0.907227 0.726136 0.908203 0.727273 0.90918 0.727273 0.910156 0.728409 0.912109 0.728409 0.913086 0.729545 0.917969 0.729545 0.918945 0.730682 0.927734 0.730682 0.928711 0.731818 0.933594 0.731818 0.93457 0.732955 0.936523 0.732955 0.9375 0.734091 0.9375 0.7375 0.958008 0.7375 0.958008 0.722727 0.955078 0.722727 0.954102 0.721591 0.954102 0.720455 0.953125 0.719318 0.953125 0.718182 0.951172 0.715909 0.951172 0.714773 0.950195 0.713636 0.950195 0.711364 0.949219 0.710227 0.949219 0.709091 0.946289 0.705682 0.946289 0.704545 0.941406 0.698864 0.941406 0.697727 0.932617 0.6875 0.932617 0.684091
1 0.583984 0.402273 0.583984 0.405682 0.583008 0.406818 0.583008 0.407955 0.581055 0.410227 0.581055 0.411364 0.580078 0.4125 0.580078 0.414773 0.579102 0.415909 0.579102 0.418182 0.578125 0.419318 0.578125 0.423864 0.577148 0.425 0.577148 0.429545 0.576172 0.430682 0.576172 0.439773 0.575195 0.440909 0.575195 0.444318 0.574219 0.445455 0.574219 0.447727 0.573242 0.448864 0.573242 0.45 0.572266 0.451136 0.572266 0.452273 0.571289 0.453409 0.568359 0.453409 0.568359 0.494318 0.572266 0.494318 0.575195 0.497727 0.575195 0.501136 0.585938 0.501136 0.585938 0.496591 0.587891 0.494318 0.587891 0.493182 0.588867 0.492045 0.588867 0.490909 0.589844 0.489773 0.589844 0.488636 0.59082 0.4875 0.59082 0.484091 0.591797 0.482955 0.591797 0.479545 0.592773 0.478409 0.592773 0.477273 0.59375 0.476136 0.59375 0.473864 0.594727 0.472727 0.594727 0.470455 0.595703 0.469318 0.595703 0.465909 0.59668 0.464773 0.59668 0.460227 0.597656 0.459091 0.597656 0.454545 0.598633 0.453409 0.598633 0.451136 0.599609 0.45 0.599609 0.446591 0.600586 0.445455 0.600586 0.443182 0.601562 0.442045 0.601562 0.438636 0.602539 0.4375 0.602539 0.436364 0.603516 0.435227 0.606445 0.435227 0.606445 0.419318 0.603516 0.419318 0.601562 0.417045 0.601562 0.414773 0.599609 0.4125 0.599609 0.411364 0.598633 0.410227 0.598633 0.409091 0.597656 0.407955 0.597656 0.402273
1 0.554688 0.375 0.554688 0.378409 0.552734 0.380682 0.551758 0.380682 0.550781 0.381818 0.548828 0.381818 0.547852 0.382955 0.545898 0.382955 0.544922 0.384091 0.543945 0.384091 0.542969 0.385227 0.541992 0.385227 0.541016 0.386364 0.538086 0.386364 0.537109 0.3875 0.536133 0.3875 0.535156 0.388636 0.53418 0.388636 0.533203 0.389773 0.532227 0.389773 0.53125 0.390909 0.530273 0.390909 0.529297 0.392045 0.52832 0.392045 0.527344 0.393182 0.526367 0.393182 0.525391 0.394318 0.524414 0.394318 0.523438 0.395455 0.522461 0.395455 0.521484 0.396591 0.520508 0.396591 0.517578 0.4 0.516602 0.4 0.514648 0.402273 0.513672 0.402273 0.510742 0.405682 0.509766 0.405682 0.506836 0.409091 0.505859 0.409091 0.50293 0.4125 0.501953 0.4125 0.495117 0.420455 0.495117 0.421591 0.492188 0.425 0.492188 0.426136 0.491211 0.427273 0.491211 0.428409 0.490234 0.429545 0.490234 0.430682 0.488281 0.432955 0.488281 0.435227 0.485352 0.438636 0.482422 0.438636 0.482422 0.461364 0.487305 0.461364 0.488281 0.4625 0.491211 0.4625 0.492188 0.463636 0.49707 0.463636 0.498047 0.4625 0.500977 0.4625 0.501953 0.461364 0.50293 0.461364 0.503906 0.460227 0.505859 0.460227 0.507812 0.457955 0.508789 0.457955 0.509766 0.456818 0.511719 0.456818 0.512695 0.455682 0.513672 0.455682 0.515625 0.453409 0.516602 0.453409 0.518555 0.451136 0.519531 0.451136 0.523438 0.446591 0.524414 0.446591 0.52832 0.442045 0.529297 0.442045 0.533203 0.4375 0.53418 0.4375 0.536133 0.435227 0.537109 0.435227 0.538086 0.434091 0.540039 0.434091 0.541016 0.432955 0.541992 0.432955 0.543945 0.430682 0.544922 0.430682 0.545898 0.429545 0.547852 0.429545 0.549805 0.427273 0.550781 0.427273 0.551758 0.426136 0.553711 0.426136 0.554688 0.425 0.555664 0.425 0.556641 0.423864 0.557617 0.423864 0.558594 0.422727 0.55957 0.422727 0.560547 0.421591 0.561523 0.421591 0.563477 0.419318 0.564453 0.419318 0.566406 0.417045 0.567383 0.417045 0.568359 0.415909 0.569336 0.415909 0.573242 0.411364 0.574219 0.411364 0.586914 0.396591 0.586914 0.395455 0.588867 0.393182 0.588867 0.392045 0.589844 0.390909 0.589844 0.389773 0.591797 0.3875 0.594727 0.3875 0.594727 0.375
1 0.0878906 0.820455 0.0878906 0.847727 0.0908203 0.847727 0.09375 0.851136 0.09375 0.852273 0.0947266 0.853409 0.0947266 0.854545 0.0957031 0.855682 0.0957031 0.856818 0.0976562 0.859091 0.0976562 0.860227 0.0986328 0.861364 0.0986328 0.8625 0.102539 0.867045 0.104492 0.867045 0.105469 0.868182 0.106445 0.868182 0.108398 0.870455 0.108398 0.873864 0.125 0.873864 0.125 0.870455 0.128906 0.865909 0.128906 0.860227 0.12793 0.859091 0.12793 0.855682 0.126953 0.854545 0.126953 0.853409 0.125977 0.852273 0.125977 0.851136 0.125 0.85 0.125 0.848864 0.123047 0.846591 0.123047 0.845455 0.121094 0.843182 0.121094 0.842045 0.120117 0.840909 0.120117 0.839773 0.117188 0.836364 0.117188 0.835227 0.115234 0.832955 0.115234 0.831818 0.113281 0.829545 0.113281 0.828409 0.110352 0.825 0.110352 0.820455
0 0.554688 0.375 0.554688 0.378409 0.552734 0.380682 0.550781 0.380682 0.549805 0.381818 0.547852 0.381818 0.546875 0.382955 0.545898 0.382955 0.544922 0.384091 0.543945 0.384091 0.542969 0.385227 0.541016 0.385227 0.540039 0.386364 0.538086 0.386364 0.537109 0.3875 0.536133 0.3875 0.535156 0.388636 0.53418 0.388636 0.533203 0.389773 0.532227 0.389773 0.53125 0.390909 0.530273 0.390909 0.529297 0.392045 0.52832 0.392045 0.527344 0.393182 0.526367 0.393182 0.525391 0.394318 0.524414 0.394318 0.523438 0.395455 0.522461 0.395455 0.521484 0.396591 0.520508 0.396591 0.518555 0.398864 0.517578 0.398864 0.515625 0.401136 0.514648 0.401136 0.510742 0.405682 0.509766 0.405682 0.506836 0.409091 0.505859 0.409091 0.503906 0.411364 0.50293 0.411364 0.495117 0.420455 0.495117 0.421591 0.492188 0.425 0.492188 0.426136 0.491211 0.427273 0.491211 0.428409 0.489258 0.430682 0.489258 0.431818 0.488281 0.432955 0.488281 0.434091 0.487305 0.435227 0.487305 0.436364 0.485352 0.438636 0.482422 0.438636 0.482422 0.464773 0.504883 0.464773 0.504883 0.461364 0.507812 0.457955 0.508789 0.457955 0.509766 0.456818 0.511719 0.456818 0.512695 0.455682 0.513672 0.455682 0.515625 0.453409 0.516602 0.453409 0.518555 0.451136 0.519531 0.451136 0.522461 0.447727 0.523438 0.447727 0.52832 0.442045 0.529297 0.442045 0.532227 0.438636 0.533203 0.438636 0.536133 0.435227 0.538086 0.435227 0.539062 0.434091 0.540039 0.434091 0.541016 0.432955 0.541992 0.432955 0.543945 0.430682 0.545898 0.430682 0.546875 0.429545 0.547852 0.429545 0.548828 0.428409 0.549805 0.428409 0.551758 0.426136 0.553711 0.426136 0.554688 0.425 0.555664 0.425 0.556641 0.423864 0.557617 0.423864 0.558594 0.422727 0.55957 0.422727 0.560547 0.421591 0.561523 0.421591 0.563477 0.419318 0.564453 0.419318 0.566406 0.417045 0.567383 0.417045 0.568359 0.415909 0.569336 0.415909 0.573242 0.411364 0.574219 0.411364 0.586914 0.396591 0.586914 0.395455 0.588867 0.393182 0.588867 0.392045 0.589844 0.390909 0.589844 0.389773 0.591797 0.3875 0.594727 0.3875 0.594727 0.375
1 0.911133 0.629545 0.911133 0.632955 0.910156 0.634091 0.908203 0.634091 0.907227 0.635227 0.905273 0.635227 0.904297 0.636364 0.901367 0.636364 0.900391 0.6375 0.897461 0.6375 0.896484 0.638636 0.891602 0.638636 0.890625 0.639773 0.885742 0.639773 0.884766 0.640909 0.881836 0.640909 0.880859 0.642045 0.871094 0.642045 0.870117 0.643182 0.868164 0.643182 0.867188 0.644318 0.866211 0.644318 0.865234 0.645455 0.863281 0.645455 0.862305 0.646591 0.857422 0.646591 0.856445 0.647727 0.852539 0.647727 0.851562 0.648864 0.849609 0.648864 0.848633 0.65 0.847656 0.65 0.84668 0.651136 0.845703 0.651136 0.842773 0.654545 0.841797 0.654545 0.834961 0.6625 0.833984 0.6625 0.832031 0.664773 0.831055 0.664773 0.829102 0.667045 0.828125 0.667045 0.827148 0.668182 0.826172 0.668182 0.825195 0.669318 0.824219 0.669318 0.822266 0.671591 0.818359 0.671591 0.818359 0.682955 0.837891 0.682955 0.837891 0.679545 0.838867 0.678409 0.839844 0.678409 0.84082 0.677273 0.842773 0.677273 0.84375 0.676136 0.84668 0.676136 0.847656 0.675 0.851562 0.675 0.852539 0.673864 0.856445 0.673864 0.857422 0.672727 0.866211 0.672727 0.867188 0.671591 0.874023 0.671591 0.875 0.670455 0.878906 0.670455 0.879883 0.669318 0.882812 0.669318 0.883789 0.668182 0.886719 0.668182 0.887695 0.667045 0.889648 0.667045 0.890625 0.665909 0.892578 0.665909 0.893555 0.664773 0.894531 0.664773 0.895508 0.663636 0.897461 0.663636 0.898438 0.6625 0.900391 0.6625 0.901367 0.661364 0.902344 0.661364 0.90332 0.660227 0.90625 0.660227 0.907227 0.659091 0.912109 0.659091 0.913086 0.657955 0.918945 0.657955 0.919922 0.656818 0.924805 0.656818 0.925781 0.655682 0.933594 0.655682 0.93457 0.654545 0.938477 0.654545 0.939453 0.653409 0.942383 0.653409 0.943359 0.652273 0.946289 0.652273 0.947266 0.651136 0.952148 0.651136 0.953125 0.65 0.958008 0.65 0.958984 0.648864 0.960938 0.648864 0.961914 0.647727 0.964844 0.647727 0.96582 0.646591 0.969727 0.646591 0.969727 0.642045 0.966797 0.642045 0.964844 0.639773 0.964844 0.638636 0.959961 0.632955 0.959961 0.629545
0 0.710938 0.465909 0.710938 0.469318 0.709961 0.470455 0.709961 0.471591 0.708984 0.472727 0.708984 0.473864 0.702148 0.481818 0.701172 0.481818 0.700195 0.482955 0.697266 0.482955 0.697266 0.503409 0.702148 0.503409 0.703125 0.504545 0.711914 0.504545 0.712891 0.503409 0.71875 0.503409 0.719727 0.502273 0.725586 0.502273 0.726562 0.501136 0.729492 0.501136 0.730469 0.5 0.733398 0.5 0.734375 0.498864 0.737305 0.498864 0.738281 0.497727 0.739258 0.497727 0.740234 0.496591 0.741211 0.496591 0.743164 0.494318 0.744141 0.494318 0.749023 0.488636 0.75 0.488636 0.757812 0.479545 0.757812 0.477273 0.759766 0.475 0.762695 0.475 0.759766 0.475 0.756836 0.471591 0.756836 0.470455 0.755859 0.469318 0.755859 0.465909
1 0.851562 0.525 0.851562 0.528409 0.850586 0.529545 0.849609 0.529545 0.848633 0.530682 0.84668 0.530682 0.845703 0.531818 0.844727 0.531818 0.84375 0.532955 0.841797 0.532955 0.84082 0.534091 0.838867 0.534091 0.837891 0.535227 0.835938 0.535227 0.834961 0.536364 0.833984 0.536364 0.833008 0.5375 0.832031 0.5375 0.827148 0.543182 0.827148 0.544318 0.826172 0.545455 0.822266 0.545455 0.822266 0.567045 0.828125 0.567045 0.829102 0.565909 0.830078 0.565909 0.831055 0.564773 0.832031 0.564773 0.833984 0.5625 0.834961 0.5625 0.835938 0.561364 0.836914 0.561364 0.837891 0.560227 0.838867 0.560227 0.839844 0.559091 0.842773 0.559091 0.84375 0.557955 0.845703 0.557955 0.84668 0.556818 0.848633 0.556818 0.849609 0.555682 0.851562 0.555682 0.852539 0.554545 0.856445 0.554545 0.857422 0.553409 0.861328 0.553409 0.862305 0.552273 0.867188 0.552273 0.868164 0.551136 0.873047 0.551136 0.874023 0.55 0.878906 0.55 0.879883 0.548864 0.882812 0.548864 0.883789 0.547727 0.886719 0.547727 0.887695 0.546591 0.888672 0.546591 0.889648 0.545455 0.890625 0.545455 0.892578 0.543182 0.893555 0.543182 0.896484 0.539773 0.899414 0.539773 0.899414 0.525
1 0.396484 0.238636 0.396484 0.270455 0.400391 0.270455 0.401367 0.271591 0.401367 0.272727 0.404297 0.276136 0.404297 0.277273 0.405273 0.278409 0.405273 0.279545 0.40625 0.280682 0.40625 0.281818 0.407227 0.282955 0.407227 0.285227 0.408203 0.286364 0.408203 0.2875 0.40918 0.288636 0.40918 0.290909 0.410156 0.292045 0.410156 0.294318 0.411133 0.295455 0.411133 0.296591 0.413086 0.298864 0.413086 0.3 0.415039 0.302273 0.415039 0.303409 0.429688 0.320455 0.430664 0.320455 0.4375 0.328409 0.4375 0.329545 0.442383 0.335227 0.442383 0.336364 0.443359 0.336364 0.444336 0.3375 0.444336 0.342045 0.458984 0.342045 0.458984 0.338636 0.459961 0.3375 0.459961 0.336364 0.461914 0.334091 0.46582 0.334091 0.46582 0.318182 0.462891 0.318182 0.459961 0.314773 0.459961 0.313636 0.458008 0.311364 0.458008 0.310227 0.457031 0.309091 0.457031 0.307955 0.455078 0.305682 0.455078 0.304545 0.453125 0.302273 0.453125 0.301136 0.452148 0.3 0.452148 0.298864 0.450195 0.296591 0.450195 0.295455 0.448242 0.293182 0.448242 0.292045 0.447266 0.290909 0.447266 0.289773 0.445312 0.2875 0.445312 0.285227 0.444336 0.284091 0.444336 0.282955 0.443359 0.281818 0.443359 0.280682 0.442383 0.279545 0.442383 0.277273 0.441406 0.276136 0.441406 0.273864 0.44043 0.272727 0.44043 0.271591 0.439453 0.270455 0.439453 0.269318 0.438477 0.268182 0.438477 0.267045 0.4375 0.265909 0.4375 0.264773 0.436523 0.263636 0.436523 0.2625 0.435547 0.261364 0.435547 0.260227 0.432617 0.256818 0.432617 0.255682 0.431641 0.254545 0.430664 0.254545 0.422852 0.245455 0.421875 0.245455 0.418945 0.242045 0.418945 0.238636
1 0.642578 0.834091 0.642578 0.8375 0.640625 0.839773 0.640625 0.840909 0.639648 0.842045 0.639648 0.844318 0.638672 0.845455 0.638672 0.846591 0.637695 0.847727 0.634766 0.847727 0.634766 0.873864 0.685547 0.873864 0.685547 0.870455 0.6875 0.868182 0.688477 0.868182 0.689453 0.867045 0.691406 0.867045 0.693359 0.864773 0.694336 0.864773 0.695312 0.863636 0.696289 0.863636 0.698242 0.861364 0.699219 0.861364 0.700195 0.860227 0.701172 0.860227 0.702148 0.859091 0.703125 0.859091 0.705078 0.856818 0.706055 0.856818 0.708008 0.854545 0.708008 0.853409 0.708984 0.852273 0.711914 0.852273 0.711914 0.851136 0.708984 0.851136 0.708008 0.85 0.708008 0.848864 0.707031 0.847727 0.707031 0.846591 0.706055 0.845455 0.706055 0.844318 0.704102 0.842045 0.704102 0.840909 0.703125 0.840909 0.700195 0.8375 0.700195 0.834091
0 0.643555 0.834091 0.643555 0.8375 0.642578 0.838636 0.642578 0.839773 0.640625 0.842045 0.640625 0.843182 0.639648 0.844318 0.639648 0.846591 0.638672 0.847727 0.638672 0.848864 0.637695 0.85 0.636719 0.85 0.635742 0.851136 0.634766 0.851136 0.633789 0.852273 0.630859 0.852273 0.630859 0.871591 0.635742 0.871591 0.636719 0.872727 0.637695 0.872727 0.639648 0.875 0.639648 0.878409 0.65332 0.878409 0.65332 0.875 0.654297 0.873864 0.658203 0.873864 0.65918 0.872727 0.667969 0.872727 0.668945 0.871591 0.681641 0.871591 0.682617 0.870455 0.686523 0.870455 0.6875 0.869318 0.689453 0.869318 0.69043 0.868182 0.691406 0.868182 0.692383 0.867045 0.693359 0.867045 0.695312 0.864773 0.696289 0.864773 0.698242 0.8625 0.699219 0.8625 0.701172 0.860227 0.702148 0.860227 0.704102 0.857955 0.705078 0.857955 0.706055 0.856818 0.707031 0.856818 0.708008 0.855682 0.708008 0.853409 0.708984 0.852273 0.711914 0.852273 0.708984 0.852273 0.708008 0.851136 0.708008 0.85 0.707031 0.848864 0.707031 0.846591 0.706055 0.845455 0.706055 0.844318 0.702148 0.839773 0.701172 0.839773 0.699219 0.8375 0.699219 0.834091
1 0.357422 0.265909 0.357422 0.271591 0.361328 0.271591 0.363281 0.273864 0.364258 0.273864 0.365234 0.275 0.366211 0.275 0.367188 0.276136 0.368164 0.276136 0.369141 0.277273 0.370117 0.277273 0.371094 0.278409 0.37207 0.278409 0.373047 0.279545 0.374023 0.279545 0.375 0.280682 0.375977 0.280682 0.376953 0.281818 0.37793 0.281818 0.379883 0.284091 0.380859 0.284091 0.382812 0.286364 0.383789 0.286364 0.384766 0.2875 0.385742 0.2875 0.386719 0.288636 0.387695 0.288636 0.389648 0.290909 0.390625 0.290909 0.394531 0.295455 0.395508 0.295455 0.396484 0.296591 0.398438 0.296591 0.399414 0.297727 0.405273 0.297727 0.40625 0.296591 0.411133 0.296591 0.411133 0.286364 0.408203 0.286364 0.40625 0.284091 0.40625 0.282955 0.404297 0.280682 0.404297 0.279545 0.401367 0.276136 0.400391 0.276136 0.398438 0.273864 0.397461 0.273864 0.396484 0.272727 0.391602 0.272727 0.390625 0.271591 0.387695 0.271591 0.385742 0.269318 0.385742 0.265909
1 0.763672 0.625 0.763672 0.628409 0.762695 0.629545 0.762695 0.630682 0.760742 0.632955 0.760742 0.634091 0.758789 0.636364 0.758789 0.6375 0.757812 0.638636 0.757812 0.639773 0.756836 0.640909 0.756836 0.642045 0.754883 0.644318 0.754883 0.645455 0.753906 0.646591 0.753906 0.647727 0.75293 0.648864 0.75293 0.65 0.751953 0.651136 0.751953 0.652273 0.750977 0.653409 0.750977 0.654545 0.75 0.655682 0.75 0.656818 0.749023 0.657955 0.749023 0.659091 0.748047 0.660227 0.748047 0.661364 0.74707 0.6625 0.74707 0.664773 0.746094 0.665909 0.746094 0.667045 0.745117 0.668182 0.745117 0.670455 0.744141 0.671591 0.744141 0.672727 0.743164 0.673864 0.743164 0.676136 0.742188 0.677273 0.742188 0.679545 0.741211 0.680682 0.741211 0.681818 0.740234 0.682955 0.740234 0.685227 0.739258 0.686364 0.739258 0.6875 0.738281 0.688636 0.738281 0.690909 0.737305 0.692045 0.737305 0.693182 0.735352 0.695455 0.732422 0.695455 0.732422 0.722727 0.736328 0.722727 0.737305 0.723864 0.738281 0.723864 0.739258 0.725 0.739258 0.728409 0.740234 0.728409 0.740234 0.725 0.741211 0.723864 0.743164 0.723864 0.744141 0.722727 0.745117 0.722727 0.746094 0.721591 0.74707 0.721591 0.750977 0.717045 0.751953 0.717045 0.758789 0.709091 0.758789 0.707955 0.762695 0.703409 0.762695 0.702273 0.765625 0.698864 0.765625 0.697727 0.767578 0.695455 0.767578 0.694318 0.768555 0.693182 0.768555 0.690909 0.769531 0.689773 0.769531 0.6875 0.770508 0.686364 0.770508 0.684091 0.771484 0.682955 0.771484 0.681818 0.772461 0.680682 0.772461 0.678409 0.773438 0.677273 0.773438 0.676136 0.774414 0.675 0.774414 0.673864 0.775391 0.672727 0.775391 0.670455 0.776367 0.669318 0.776367 0.665909 0.777344 0.664773 0.777344 0.660227 0.77832 0.659091 0.77832 0.655682 0.779297 0.654545 0.779297 0.652273 0.780273 0.651136 0.780273 0.647727 0.78125 0.646591 0.78125 0.644318 0.782227 0.643182 0.782227 0.640909 0.783203 0.639773 0.783203 0.638636 0.78418 0.6375 0.78418 0.636364 0.786133 0.634091 0.786133 0.632955 0.787109 0.631818 0.787109 0.625
1 0.912109 0.729545 0.912109 0.747727 0.915039 0.747727 0.916016 0.748864 0.917969 0.748864 0.918945 0.75 0.919922 0.75 0.920898 0.751136 0.921875 0.751136 0.923828 0.753409 0.924805 0.753409 0.926758 0.755682 0.927734 0.755682 0.930664 0.759091 0.931641 0.759091 0.932617 0.760227 0.93457 0.760227 0.935547 0.761364 0.938477 0.761364 0.939453 0.7625 0.942383 0.7625 0.943359 0.763636 0.945312 0.763636 0.946289 0.764773 0.949219 0.764773 0.950195 0.765909 0.952148 0.765909 0.953125 0.767045 0.955078 0.767045 0.956055 0.768182 0.957031 0.768182 0.958008 0.769318 0.958984 0.769318 0.959961 0.770455 0.960938 0.770455 0.962891 0.772727 0.963867 0.772727 0.964844 0.773864 0.96582 0.773864 0.966797 0.775 0.96875 0.775 0.969727 0.776136 0.97168 0.776136 0.972656 0.777273 0.973633 0.777273 0.974609 0.778409 0.975586 0.778409 0.976562 0.779545 0.978516 0.779545 0.979492 0.780682 0.983398 0.780682 0.984375 0.781818 0.987305 0.781818 0.988281 0.782955 0.990234 0.782955 0.991211 0.784091 0.993164 0.784091 0.994141 0.785227 0.995117 0.785227 0.996094 0.786364 0.99707 0.786364 0.998047 0.7875 0.999023 0.7875 0.999023 0.759091 0.998047 0.759091 0.99707 0.757955 0.995117 0.757955 0.994141 0.756818 0.993164 0.756818 0.991211 0.754545 0.990234 0.754545 0.989258 0.753409 0.987305 0.753409 0.986328 0.752273 0.984375 0.752273 0.983398 0.751136 0.982422 0.751136 0.981445 0.75 0.979492 0.75 0.978516 0.748864 0.977539 0.748864 0.976562 0.747727 0.975586 0.747727 0.974609 0.746591 0.973633 0.746591 0.972656 0.745455 0.97168 0.745455 0.970703 0.744318 0.96875 0.744318 0.967773 0.743182 0.96582 0.743182 0.964844 0.742045 0.963867 0.742045 0.962891 0.740909 0.960938 0.740909 0.959961 0.739773 0.957031 0.739773 0.956055 0.738636 0.954102 0.738636 0.953125 0.7375 0.952148 0.7375 0.951172 0.736364 0.949219 0.736364 0.948242 0.735227 0.947266 0.735227 0.945312 0.732955 0.945312 0.729545
1 0.0683594 0.729545 0.0683594 0.748864 0.0712891 0.748864 0.0742188 0.752273 0.0751953 0.752273 0.0791016 0.756818 0.0800781 0.756818 0.0820312 0.759091 0.0839844 0.759091 0.0849609 0.760227 0.0869141 0.760227 0.0878906 0.761364 0.0927734 0.761364 0.09375 0.7625 0.0986328 0.7625 0.0996094 0.763636 0.102539 0.763636 0.103516 0.764773 0.105469 0.764773 0.106445 0.765909 0.110352 0.765909 0.111328 0.767045 0.115234 0.767045 0.116211 0.768182 0.123047 0.768182 0.124023 0.769318 0.126953 0.769318 0.12793 0.770455 0.129883 0.770455 0.130859 0.771591 0.133789 0.771591 0.134766 0.772727 0.147461 0.772727 0.149414 0.775 0.149414 0.778409 0.15332 0.778409 0.15332 0.769318 0.149414 0.769318 0.148438 0.768182 0.148438 0.767045 0.147461 0.765909 0.147461 0.764773 0.145508 0.7625 0.145508 0.761364 0.142578 0.757955 0.142578 0.756818 0.140625 0.754545 0.140625 0.753409 0.139648 0.752273 0.139648 0.751136 0.137695 0.748864 0.137695 0.747727 0.132812 0.742045 0.132812 0.740909 0.131836 0.739773 0.130859 0.739773 0.125 0.732955 0.125 0.729545
1 0.0722656 0.0477273 0.0722656 0.0704545 0.0761719 0.0704545 0.0771484 0.0715909 0.078125 0.0715909 0.0800781 0.0738636 0.0810547 0.0738636 0.0820312 0.075 0.0830078 0.075 0.0839844 0.0761364 0.0849609 0.0761364 0.0859375 0.0772727 0.0869141 0.0772727 0.0878906 0.0784091 0.0888672 0.0784091 0.0898438 0.0795455 0.0908203 0.0795455 0.0917969 0.0806818 0.0927734 0.0806818 0.09375 0.0818182 0.0947266 0.0818182 0.0957031 0.0829545 0.0966797 0.0829545 0.0986328 0.0852273 0.0996094 0.0852273 0.100586 0.0863636 0.101562 0.0863636 0.103516 0.0886364 0.104492 0.0886364 0.105469 0.0897727 0.106445 0.0897727 0.107422 0.0909091 0.108398 0.0909091 0.110352 0.0931818 0.111328 0.0931818 0.112305 0.0943182 0.113281 0.0943182 0.114258 0.0954545 0.115234 0.0954545 0.117188 0.0977273 0.118164 0.0977273 0.119141 0.0988636 0.120117 0.0988636 0.121094 0.1 0.12207 0.1 0.123047 0.101136 0.124023 0.101136 0.125 0.102273 0.125 0.105682 0.135742 0.105682 0.135742 0.102273 0.142578 0.0943182 0.145508 0.0943182 0.145508 0.0852273 0.142578 0.0852273 0.138672 0.0806818 0.137695 0.0806818 0.135742 0.0784091 0.134766 0.0784091 0.133789 0.0772727 0.132812 0.0772727 0.131836 0.0761364 0.130859 0.0761364 0.128906 0.0738636 0.12793 0.0738636 0.125977 0.0715909 0.125 0.0715909 0.123047 0.0693182 0.12207 0.0693182 0.121094 0.0681818 0.120117 0.0681818 0.119141 0.0670455 0.118164 0.0670455 0.117188 0.0659091 0.116211 0.0659091 0.115234 0.0647727 0.114258 0.0647727 0.113281 0.0636364 0.112305 0.0636364 0.111328 0.0625 0.110352 0.0625 0.109375 0.0613636 0.108398 0.0613636 0.105469 0.0579545 0.104492 0.0579545 0.0986328 0.0511364 0.0986328 0.0477273
1 0.0410156 0.825 0.0410156 0.85 0.0449219 0.85 0.0458984 0.851136 0.0458984 0.852273 0.0527344 0.860227 0.0527344 0.861364 0.0566406 0.865909 0.0585938 0.865909 0.0595703 0.867045 0.0625 0.867045 0.0634766 0.868182 0.0673828 0.868182 0.0683594 0.869318 0.0712891 0.869318 0.0722656 0.870455 0.0722656 0.873864 0.0927734 0.873864 0.0927734 0.870455 0.09375 0.869318 0.0947266 0.869318 0.0976562 0.865909 0.0976562 0.864773 0.0966797 0.863636 0.0966797 0.8625 0.0957031 0.861364 0.0957031 0.860227 0.0947266 0.859091 0.0947266 0.857955 0.09375 0.856818 0.09375 0.855682 0.0927734 0.854545 0.0927734 0.853409 0.0917969 0.852273 0.0917969 0.851136 0.0908203 0.85 0.0908203 0.848864 0.0888672 0.846591 0.0888672 0.845455 0.0869141 0.843182 0.0869141 0.842045 0.078125 0.831818 0.0771484 0.831818 0.0761719 0.830682 0.0751953 0.830682 0.0732422 0.828409 0.0732422 0.825
0 0.0878906 0.820455 0.0878906 0.847727 0.0908203 0.847727 0.0927734 0.85 0.0927734 0.851136 0.0947266 0.853409 0.0947266 0.854545 0.0957031 0.855682 0.0957031 0.856818 0.0976562 0.859091 0.0976562 0.860227 0.0986328 0.861364 0.0986328 0.8625 0.102539 0.867045 0.103516 0.867045 0.104492 0.868182 0.105469 0.868182 0.107422 0.870455 0.107422 0.873864 0.125977 0.873864 0.125977 0.869318 0.126953 0.868182 0.12793 0.868182 0.128906 0.867045 0.128906 0.865909 0.129883 0.864773 0.128906 0.863636 0.128906 0.859091 0.12793 0.857955 0.12793 0.855682 0.126953 0.854545 0.126953 0.853409 0.125977 0.852273 0.125977 0.851136 0.125 0.85 0.125 0.848864 0.124023 0.847727 0.124023 0.846591 0.12207 0.844318 0.12207 0.843182 0.120117 0.840909 0.120117 0.839773 0.118164 0.8375 0.118164 0.836364 0.115234 0.832955 0.115234 0.831818 0.113281 0.829545 0.113281 0.828409 0.109375 0.823864 0.109375 0.820455
0 0.248047 0.115909 0.248047 0.119318 0.250977 0.119318 0.250977 0.115909 0.248047 0.115909 0.24707 0.109091 0.248047 0.107955 0.250977 0.107955 0.250977 0.0693182 0.248047 0.0693182 0.24707 0.0681818 0.24707 0.0670455 0.246094 0.0659091 0.246094 0.0636364 0.245117 0.0625 0.245117 0.0602273 0.244141 0.0590909 0.244141 0.0568182 0.243164 0.0556818 0.243164 0.0545455 0.242188 0.0534091 0.242188 0.0522727 0.241211 0.0511364 0.241211 0.05 0.240234 0.0488636 0.240234 0.0477273 0.236328 0.0431818 0.236328 0.0420455 0.235352 0.0409091 0.235352 0.0397727 0.234375 0.0386364 0.234375 0.0340909 0.216797 0.0340909 0.216797 0.0375 0.21582 0.0386364 0.212891 0.0386364 0.212891 0.0965909 0.21582 0.0965909 0.217773 0.0988636 0.217773 0.1 0.21875 0.101136 0.21875 0.102273 0.219727 0.103409 0.219727 0.104545 0.220703 0.105682 0.220703 0.106818 0.222656 0.109091 0.222656 0.110227 0.223633 0.111364 0.223633 0.113636 0.224609 0.114773 0.224609 0.119318 0.229492 0.119318 0.229492 0.115909 0.231445 0.113636 0.236328 0.113636 0.237305 0.1125 0.239258 0.1125 0.240234 0.111364 0.241211 0.111364 0.242188 0.110227 0.244141 0.110227 0.245117 0.109091 0.24707 0.109091
1 0.716797 0.143182 0.716797 0.170455 0.719727 0.170455 0.72168 0.172727 0.72168 0.175 0.723633 0.177273 0.723633 0.178409 0.725586 0.180682 0.725586 0.181818 0.729492 0.186364 0.729492 0.1875 0.736328 0.195455 0.736328 0.196591 0.737305 0.197727 0.738281 0.197727 0.743164 0.203409 0.743164 0.204545 0.744141 0.205682 0.745117 0.205682 0.751953 0.213636 0.75293 0.213636 0.755859 0.217045 0.756836 0.217045 0.757812 0.218182 0.759766 0.218182 0.760742 0.219318 0.763672 0.219318 0.764648 0.220455 0.764648 0.223864 0.777344 0.223864 0.777344 0.220455 0.779297 0.218182 0.782227 0.218182 0.782227 0.209091 0.77832 0.209091 0.775391 0.205682 0.774414 0.205682 0.769531 0.2 0.768555 0.2 0.765625 0.196591 0.764648 0.196591 0.760742 0.192045 0.759766 0.192045 0.754883 0.186364 0.753906 0.186364 0.749023 0.180682 0.748047 0.180682 0.746094 0.178409 0.746094 0.177273 0.743164 0.173864 0.743164 0.172727 0.741211 0.170455 0.741211 0.169318 0.732422 0.159091 0.732422 0.157955 0.723633 0.147727 0.723633 0.143182
