1 0.317383 0.698864 0.316406 0.7 0.31543 0.7 0.314453 0.701136 0.313477 0.701136 0.310547 0.704545 0.30957 0.704545 0.308594 0.705682 0.307617 0.705682 0.304688 0.709091 0.303711 0.709091 0.302734 0.710227 0.301758 0.710227 0.300781 0.711364 0.300781 0.714773 0.353516 0.714773 0.353516 0.7 0.352539 0.698864 0.352539 0.697727 0.348633 0.693182 0.347656 0.693182 0.34668 0.692045 0.336914 0.692045 0.333984 0.695455 0.333008 0.695455 0.332031 0.696591 0.327148 0.696591 0.326172 0.697727 0.320312 0.697727 0.319336 0.698864 0.317383 0.698864 0.314453 0.694318 0.31543 0.693182 0.316406 0.693182 0.317383 0.692045 0.318359 0.692045 0.319336 0.690909 0.320312 0.690909 0.321289 0.689773 0.322266 0.689773 0.322266 0.688636 0.325195 0.685227 0.326172 0.685227 0.326172 0.684091 0.328125 0.681818 0.328125 0.680682 0.331055 0.677273 0.331055 0.676136 0.333008 0.673864 0.333008 0.672727 0.334961 0.670455 0.334961 0.669318 0.335938 0.668182 0.335938 0.667045 0.337891 0.664773 0.337891 0.663636 0.339844 0.661364 0.339844 0.660227 0.34082 0.659091 0.34082 0.657955 0.342773 0.655682 0.342773 0.654545 0.345703 0.651136 0.345703 0.65 0.348633 0.646591 0.349609 0.646591 0.352539 0.643182 0.353516 0.643182 0.355469 0.640909 0.356445 0.640909 0.358398 0.638636 0.359375 0.638636 0.361328 0.636364 0.362305 0.636364 0.364258 0.634091 0.365234 0.634091 0.37207 0.626136 0.373047 0.626136 0.376953 0.621591 0.37793 0.621591 0.383789 0.614773 0.384766 0.614773 0.388672 0.610227 0.389648 0.610227 0.391602 0.607955 0.392578 0.607955 0.394531 0.605682 0.395508 0.605682 0.400391 0.6 0.401367 0.6 0.405273 0.595455 0.40625 0.595455 0.415039 0.585227 0.416016 0.585227 0.416992 0.584091 0.416992 0.582955 0.417969 0.581818 0.418945 0.581818 0.420898 0.579545 0.420898 0.578409 0.424805 0.573864 0.424805 0.572727 0.427734 0.569318 0.427734 0.568182 0.428711 0.567045 0.428711 0.557955 0.427734 0.556818 0.427734 0.555682 0.426758 0.554545 0.426758 0.547727 0.404297 0.547727 0.404297 0.552273 0.40332 0.553409 0.402344 0.553409 0.401367 0.554545 0.400391 0.554545 0.399414 0.555682 0.398438 0.555682 0.396484 0.557955 0.395508 0.557955 0.393555 0.560227 0.392578 0.560227 0.390625 0.5625 0.389648 0.5625 0.386719 0.565909 0.385742 0.565909 0.380859 0.571591 0.379883 0.571591 0.366211 0.5875 0.366211 0.588636 0.365234 0.589773 0.364258 0.589773 0.362305 0.592045 0.362305 0.593182 0.361328 0.594318 0.360352 0.594318 0.359375 0.595455 0.359375 0.596591 0.349609 0.607955 0.348633 0.607955 0.347656 0.609091 0.34668 0.609091 0.344727 0.611364 0.342773 0.611364 0.341797 0.6125 0.338867 0.6125 0.337891 0.613636 0.336914 0.613636 0.335938 0.614773 0.334961 0.614773 0.333984 0.615909 0.333008 0.615909 0.331055 0.618182 0.330078 0.618182 0.313477 0.6375 0.3125 0.6375 0.306641 0.644318 0.306641 0.645455 0.305664 0.646591 0.305664 0.651136 0.304688 0.652273 0.304688 0.654545 0.303711 0.655682 0.303711 0.656818 0.302734 0.657955 0.302734 0.659091 0.301758 0.660227 0.301758 0.661364 0.300781 0.6625 0.300781 0.664773 0.299805 0.665909 0.299805 0.667045 0.298828 0.668182 0.298828 0.669318 0.297852 0.670455 0.297852 0.673864 0.296875 0.675 0.296875 0.677273 0.295898 0.678409 0.295898 0.679545 0.293945 0.681818 0.291016 0.681818 0.291016 0.688636 0.293945 0.688636 0.294922 0.6875 0.294922 0.686364 0.297852 0.682955 0.298828 0.682955 0.300781 0.685227 0.301758 0.685227 0.303711 0.6875 0.304688 0.6875 0.306641 0.689773 0.306641 0.690909 0.30957 0.694318 0.30957 0.695455 0.310547 0.695455 0.311523 0.694318 0.314453 0.694318
0 0.287109 0.202273 0.287109 0.228409 0.291016 0.228409 0.292969 0.230682 0.293945 0.230682 0.297852 0.235227 0.298828 0.235227 0.301758 0.238636 0.302734 0.238636 0.304688 0.240909 0.305664 0.240909 0.306641 0.242045 0.307617 0.242045 0.308594 0.243182 0.30957 0.243182 0.310547 0.244318 0.311523 0.244318 0.3125 0.245455 0.314453 0.245455 0.31543 0.246591 0.316406 0.246591 0.317383 0.247727 0.321289 0.247727 0.322266 0.248864 0.34375 0.248864 0.344727 0.247727 0.34668 0.247727 0.347656 0.246591 0.349609 0.246591 0.351562 0.244318 0.352539 0.244318 0.353516 0.243182 0.356445 0.243182 0.356445 0.226136 0.353516 0.226136 0.351562 0.223864 0.351562 0.221591 0.349609 0.219318 0.349609 0.218182 0.344727 0.2125 0.34375 0.2125 0.342773 0.211364 0.34082 0.211364 0.335938 0.205682 0.335938 0.202273
0 0.280273 0.0295455 0.280273 0.0340909 0.279297 0.0352273 0.279297 0.0363636 0.27832 0.0375 0.27832 0.0386364 0.276367 0.0409091 0.276367 0.0420455 0.275391 0.0431818 0.275391 0.0443182 0.274414 0.0454545 0.274414 0.0465909 0.272461 0.0488636 0.272461 0.05 0.271484 0.0511364 0.271484 0.0522727 0.270508 0.0534091 0.270508 0.0545455 0.269531 0.0556818 0.269531 0.0568182 0.268555 0.0579545 0.268555 0.0590909 0.267578 0.0602273 0.267578 0.0613636 0.266602 0.0625 0.266602 0.0636364 0.265625 0.0647727 0.265625 0.0659091 0.264648 0.0670455 0.264648 0.0693182 0.262695 0.0715909 0.259766 0.0715909 0.259766 0.146591 0.262695 0.146591 0.264648 0.148864 0.264648 0.15 0.265625 0.151136 0.266602 0.151136 0.268555 0.153409 0.272461 0.153409 0.276367 0.148864 0.276367 0.147727 0.279297 0.144318 0.279297 0.143182 0.28125 0.140909 0.28125 0.139773 0.282227 0.138636 0.282227 0.1375 0.283203 0.136364 0.283203 0.135227 0.28418 0.134091 0.28418 0.132955 0.285156 0.131818 0.285156 0.130682 0.286133 0.129545 0.286133 0.127273 0.287109 0.126136 0.287109 0.125 0.288086 0.123864 0.288086 0.122727 0.289062 0.121591 0.289062 0.120455 0.290039 0.119318 0.290039 0.118182 0.291016 0.117045 0.291016 0.115909 0.291992 0.114773 0.291992 0.113636 0.292969 0.1125 0.292969 0.111364 0.293945 0.110227 0.293945 0.107955 0.294922 0.106818 0.294922 0.104545 0.295898 0.103409 0.295898 0.101136 0.296875 0.1 0.296875 0.0965909 0.297852 0.0954545 0.297852 0.0943182 0.298828 0.0931818 0.301758 0.0931818 0.301758 0.0295455
0 0.164062 0.134091 0.164062 0.1375 0.162109 0.139773 0.160156 0.139773 0.15918 0.140909 0.158203 0.140909 0.15625 0.143182 0.155273 0.143182 0.154297 0.144318 0.15332 0.144318 0.152344 0.145455 0.151367 0.145455 0.148438 0.148864 0.147461 0.148864 0.144531 0.152273 0.143555 0.152273 0.140625 0.155682 0.139648 0.155682 0.137695 0.157955 0.134766 0.157955 0.134766 0.179545 0.139648 0.179545 0.140625 0.180682 0.142578 0.180682 0.143555 0.181818 0.145508 0.181818 0.146484 0.182955 0.147461 0.182955 0.149414 0.185227 0.151367 0.185227 0.152344 0.186364 0.15625 0.186364 0.157227 0.1875 0.165039 0.1875 0.166016 0.188636 0.166016 0.192045 0.167969 0.192045 0.167969 0.188636 0.168945 0.1875 0.173828 0.1875 0.174805 0.186364 0.178711 0.186364 0.179688 0.185227 0.183594 0.185227 0.18457 0.184091 0.1875 0.184091 0.188477 0.182955 0.191406 0.182955 0.192383 0.181818 0.195312 0.181818 0.196289 0.180682 0.199219 0.180682 0.200195 0.179545 0.202148 0.179545 0.203125 0.178409 0.204102 0.178409 0.205078 0.177273 0.207031 0.177273 0.208008 0.176136 0.208984 0.176136 0.209961 0.175 0.210938 0.175 0.211914 0.173864 0.212891 0.173864 0.214844 0.171591 0.21582 0.171591 0.216797 0.170455 0.217773 0.170455 0.220703 0.167045 0.22168 0.167045 0.223633 0.164773 0.224609 0.164773 0.228516 0.160227 0.231445 0.160227 0.231445 0.146591 0.228516 0.146591 0.224609 0.142045 0.223633 0.142045 0.219727 0.1375 0.219727 0.134091
0 0.194336 0.793182 0.194336 0.797727 0.193359 0.798864 0.192383 0.798864 0.188477 0.803409 0.1875 0.803409 0.18457 0.806818 0.183594 0.806818 0.182617 0.807955 0.181641 0.807955 0.175781 0.814773 0.175781 0.815909 0.173828 0.818182 0.173828 0.819318 0.170898 0.822727 0.170898 0.823864 0.167969 0.827273 0.167969 0.828409 0.165039 0.831818 0.165039 0.832955 0.162109 0.836364 0.162109 0.8375 0.160156 0.839773 0.160156 0.840909 0.15918 0.842045 0.15918 0.843182 0.158203 0.844318 0.158203 0.845455 0.15332 0.851136 0.150391 0.851136 0.150391 0.873864 0.188477 0.873864 0.188477 0.870455 0.19043 0.868182 0.192383 0.868182 0.194336 0.865909 0.195312 0.865909 0.205078 0.854545 0.205078 0.853409 0.208984 0.848864 0.208984 0.847727 0.210938 0.845455 0.210938 0.844318 0.212891 0.842045 0.212891 0.840909 0.214844 0.838636 0.214844 0.8375 0.216797 0.835227 0.216797 0.834091 0.21875 0.831818 0.21875 0.830682 0.22168 0.827273 0.22168 0.826136 0.226562 0.820455 0.226562 0.818182 0.228516 0.815909 0.231445 0.815909 0.231445 0.804545 0.227539 0.804545 0.226562 0.803409 0.226562 0.802273 0.224609 0.8 0.224609 0.798864 0.222656 0.796591 0.222656 0.793182
0 0.0322266 0.493182 0.0322266 0.497727 0.0302734 0.5 0.0302734 0.501136 0.0283203 0.503409 0.0283203 0.504545 0.0273438 0.505682 0.0273438 0.506818 0.0253906 0.509091 0.0253906 0.510227 0.0234375 0.5125 0.0234375 0.513636 0.0224609 0.514773 0.0224609 0.515909 0.0205078 0.518182 0.0175781 0.518182 0.0175781 0.5625 0.0205078 0.5625 0.0234375 0.565909 0.0234375 0.569318 0.03125 0.569318 0.03125 0.565909 0.0332031 0.563636 0.0341797 0.563636 0.0351562 0.5625 0.0361328 0.5625 0.0371094 0.561364 0.0380859 0.561364 0.0478516 0.55 0.0478516 0.548864 0.0488281 0.547727 0.0488281 0.546591 0.0498047 0.545455 0.0498047 0.544318 0.0507812 0.543182 0.0507812 0.542045 0.0517578 0.540909 0.0517578 0.539773 0.0527344 0.538636 0.0527344 0.535227 0.0537109 0.534091 0.0537109 0.529545 0.0546875 0.528409 0.0546875 0.511364 0.0537109 0.510227 0.0537109 0.506818 0.0527344 0.505682 0.0527344 0.504545 0.0507812 0.502273 0.0507812 0.5 0.0498047 0.498864 0.0498047 0.493182
0 0.493164 0.465909 0.493164 0.470455 0.489258 0.475 0.486328 0.475 0.486328 0.496591 0.489258 0.496591 0.498047 0.506818 0.498047 0.507955 0.501953 0.5125 0.50293 0.5125 0.508789 0.519318 0.509766 0.519318 0.512695 0.522727 0.513672 0.522727 0.515625 0.525 0.515625 0.528409 0.521484 0.528409 0.521484 0.525 0.526367 0.519318 0.526367 0.518182 0.529297 0.514773 0.529297 0.513636 0.530273 0.5125 0.530273 0.511364 0.53125 0.510227 0.53125 0.507955 0.532227 0.506818 0.532227 0.503409 0.533203 0.502273 0.536133 0.502273 0.536133 0.5 0.533203 0.5 0.532227 0.498864 0.532227 0.495455 0.53125 0.494318 0.53125 0.490909 0.530273 0.489773 0.530273 0.4875 0.52832 0.485227 0.52832 0.484091 0.527344 0.482955 0.527344 0.481818 0.526367 0.480682 0.526367 0.479545 0.518555 0.470455 0.518555 0.465909
1 0.529297 0.675 0.529297 0.702273 0.533203 0.702273 0.53418 0.703409 0.535156 0.703409 0.536133 0.704545 0.537109 0.704545 0.538086 0.705682 0.539062 0.705682 0.540039 0.706818 0.541992 0.706818 0.542969 0.707955 0.545898 0.707955 0.546875 0.709091 0.547852 0.709091 0.548828 0.710227 0.549805 0.710227 0.550781 0.711364 0.550781 0.714773 0.604492 0.714773 0.604492 0.711364 0.607422 0.707955 0.608398 0.707955 0.614258 0.701136 0.615234 0.701136 0.617188 0.698864 0.617188 0.697727 0.619141 0.695455 0.62207 0.695455 0.62207 0.693182 0.619141 0.693182 0.616211 0.689773 0.615234 0.689773 0.614258 0.688636 0.612305 0.688636 0.611328 0.6875 0.606445 0.6875 0.605469 0.686364 0.600586 0.686364 0.599609 0.685227 0.594727 0.685227 0.59375 0.684091 0.591797 0.684091 0.59082 0.682955 0.588867 0.682955 0.587891 0.681818 0.586914 0.681818 0.585938 0.680682 0.583008 0.680682 0.582031 0.679545 0.581055 0.679545 0.580078 0.678409 0.580078 0.675
0 0.462891 0.379545 0.462891 0.45 0.466797 0.45 0.46875 0.452273 0.46875 0.453409 0.473633 0.459091 0.473633 0.460227 0.474609 0.461364 0.474609 0.464773 0.479492 0.464773 0.479492 0.460227 0.480469 0.459091 0.480469 0.456818 0.481445 0.455682 0.481445 0.452273 0.482422 0.451136 0.482422 0.448864 0.483398 0.447727 0.483398 0.445455 0.484375 0.444318 0.484375 0.442045 0.485352 0.440909 0.485352 0.439773 0.486328 0.438636 0.486328 0.436364 0.487305 0.435227 0.487305 0.432955 0.488281 0.431818 0.488281 0.430682 0.489258 0.429545 0.489258 0.427273 0.490234 0.426136 0.490234 0.425 0.491211 0.423864 0.491211 0.421591 0.492188 0.420455 0.492188 0.411364 0.491211 0.410227 0.491211 0.407955 0.490234 0.406818 0.490234 0.405682 0.488281 0.403409 0.488281 0.402273 0.487305 0.401136 0.487305 0.4 0.484375 0.396591 0.484375 0.395455 0.482422 0.393182 0.482422 0.392045 0.480469 0.389773 0.480469 0.388636 0.479492 0.3875 0.479492 0.386364 0.477539 0.384091 0.477539 0.379545
1 0.791992 0.497727 0.791992 0.501136 0.791016 0.502273 0.791016 0.503409 0.790039 0.504545 0.790039 0.505682 0.789062 0.506818 0.789062 0.507955 0.787109 0.510227 0.787109 0.511364 0.786133 0.5125 0.786133 0.513636 0.785156 0.514773 0.785156 0.515909 0.78418 0.517045 0.78418 0.518182 0.783203 0.519318 0.783203 0.520455 0.782227 0.521591 0.782227 0.523864 0.78125 0.525 0.78125 0.527273 0.780273 0.528409 0.780273 0.530682 0.779297 0.531818 0.779297 0.535227 0.77832 0.536364 0.77832 0.547727 0.777344 0.548864 0.777344 0.555682 0.776367 0.556818 0.776367 0.5625 0.775391 0.563636 0.775391 0.569318 0.774414 0.570455 0.774414 0.573864 0.773438 0.575 0.773438 0.576136 0.772461 0.577273 0.772461 0.578409 0.771484 0.579545 0.771484 0.580682 0.770508 0.581818 0.770508 0.584091 0.769531 0.585227 0.769531 0.5875 0.768555 0.588636 0.768555 0.593182 0.767578 0.594318 0.767578 0.597727 0.766602 0.598864 0.766602 0.601136 0.765625 0.602273 0.765625 0.604545 0.764648 0.605682 0.764648 0.606818 0.763672 0.607955 0.763672 0.6125 0.762695 0.613636 0.762695 0.622727 0.763672 0.623864 0.763672 0.625 0.762695 0.626136 0.762695 0.628409 0.761719 0.629545 0.761719 0.630682 0.760742 0.631818 0.760742 0.632955 0.759766 0.634091 0.759766 0.635227 0.757812 0.6375 0.757812 0.638636 0.756836 0.639773 0.756836 0.640909 0.755859 0.642045 0.755859 0.643182 0.754883 0.644318 0.754883 0.645455 0.753906 0.646591 0.753906 0.647727 0.75293 0.648864 0.75293 0.65 0.751953 0.651136 0.751953 0.652273 0.750977 0.653409 0.750977 0.654545 0.75 0.655682 0.75 0.656818 0.749023 0.657955 0.749023 0.659091 0.748047 0.660227 0.748047 0.661364 0.74707 0.6625 0.74707 0.664773 0.746094 0.665909 0.746094 0.667045 0.745117 0.668182 0.745117 0.670455 0.744141 0.671591 0.744141 0.673864 0.743164 0.675 0.743164 0.676136 0.742188 0.677273 0.742188 0.679545 0.741211 0.680682 0.741211 0.682955 0.740234 0.684091 0.740234 0.685227 0.739258 0.686364 0.736328 0.686364 0.736328 0.723864 0.740234 0.723864 0.741211 0.722727 0.745117 0.722727 0.746094 0.721591 0.74707 0.721591 0.756836 0.710227 0.756836 0.709091 0.760742 0.704545 0.760742 0.703409 0.763672 0.7 0.763672 0.698864 0.764648 0.697727 0.764648 0.696591 0.765625 0.695455 0.765625 0.694318 0.766602 0.693182 0.766602 0.690909 0.767578 0.689773 0.767578 0.688636 0.768555 0.6875 0.768555 0.685227 0.769531 0.684091 0.769531 0.680682 0.770508 0.679545 0.770508 0.677273 0.771484 0.676136 0.771484 0.673864 0.772461 0.672727 0.772461 0.670455 0.773438 0.669318 0.773438 0.664773 0.774414 0.663636 0.774414 0.660227 0.775391 0.659091 0.775391 0.656818 0.776367 0.655682 0.776367 0.653409 0.777344 0.652273 0.777344 0.651136 0.779297 0.648864 0.779297 0.647727 0.780273 0.646591 0.780273 0.645455 0.78125 0.644318 0.78125 0.630682 0.780273 0.629545 0.780273 0.625 0.783203 0.621591 0.78418 0.621591 0.78418 0.620455 0.787109 0.617045 0.787109 0.615909 0.788086 0.614773 0.788086 0.613636 0.789062 0.6125 0.789062 0.611364 0.791016 0.609091 0.791016 0.607955 0.791992 0.606818 0.791992 0.605682 0.793945 0.603409 0.793945 0.602273 0.794922 0.601136 0.794922 0.6 0.795898 0.598864 0.795898 0.597727 0.796875 0.596591 0.796875 0.595455 0.797852 0.594318 0.797852 0.590909 0.798828 0.589773 0.798828 0.5875 0.799805 0.586364 0.799805 0.580682 0.800781 0.579545 0.800781 0.573864 0.801758 0.572727 0.801758 0.568182 0.802734 0.567045 0.802734 0.557955 0.803711 0.556818 0.803711 0.553409 0.804688 0.552273 0.804688 0.551136 0.805664 0.55 0.805664 0.548864 0.806641 0.547727 0.806641 0.543182 0.807617 0.542045 0.807617 0.538636 0.808594 0.5375 0.808594 0.534091 0.80957 0.532955 0.80957 0.531818 0.810547 0.530682 0.813477 0.530682 0.813477 0.497727
0 0.904297 0.684091 0.904297 0.6875 0.899414 0.693182 0.896484 0.693182 0.896484 0.723864 0.900391 0.723864 0.901367 0.725 0.901367 0.726136 0.902344 0.726136 0.90332 0.727273 0.904297 0.727273 0.905273 0.728409 0.907227 0.728409 0.912109 0.734091 0.912109 0.7375 0.923828 0.7375 0.923828 0.734091 0.925781 0.731818 0.9375 0.731818 0.938477 0.732955 0.946289 0.732955 0.947266 0.731818 0.949219 0.731818 0.950195 0.730682 0.951172 0.730682 0.951172 0.729545 0.952148 0.728409 0.952148 0.725 0.953125 0.723864 0.953125 0.719318 0.952148 0.718182 0.952148 0.715909 0.950195 0.713636 0.950195 0.7125 0.949219 0.711364 0.949219 0.710227 0.948242 0.709091 0.948242 0.707955 0.946289 0.705682 0.946289 0.704545 0.944336 0.702273 0.944336 0.701136 0.932617 0.6875 0.932617 0.684091
0 0.172852 0.465909 0.172852 0.469318 0.157227 0.4875 0.157227 0.488636 0.15332 0.493182 0.150391 0.493182 0.150391 0.543182 0.154297 0.543182 0.158203 0.547727 0.15918 0.547727 0.160156 0.548864 0.161133 0.548864 0.162109 0.55 0.166992 0.55 0.167969 0.548864 0.169922 0.548864 0.170898 0.547727 0.171875 0.547727 0.173828 0.545455 0.174805 0.545455 0.180664 0.538636 0.181641 0.538636 0.182617 0.5375 0.182617 0.536364 0.19043 0.527273 0.19043 0.526136 0.192383 0.523864 0.192383 0.522727 0.195312 0.519318 0.195312 0.518182 0.197266 0.515909 0.197266 0.513636 0.198242 0.5125 0.198242 0.511364 0.199219 0.510227 0.199219 0.506818 0.200195 0.505682 0.200195 0.492045 0.199219 0.490909 0.199219 0.480682 0.198242 0.479545 0.198242 0.477273 0.197266 0.476136 0.197266 0.473864 0.196289 0.472727 0.196289 0.470455 0.195312 0.469318 0.195312 0.465909
1 0.316406 0.693182 0.316406 0.696591 0.314453 0.698864 0.313477 0.698864 0.3125 0.7 0.311523 0.7 0.30957 0.702273 0.308594 0.702273 0.307617 0.703409 0.306641 0.703409 0.305664 0.704545 0.304688 0.704545 0.302734 0.706818 0.301758 0.706818 0.300781 0.707955 0.299805 0.707955 0.298828 0.709091 0.297852 0.709091 0.296875 0.710227 0.295898 0.710227 0.294922 0.711364 0.293945 0.711364 0.292969 0.7125 0.291016 0.7125 0.290039 0.713636 0.289062 0.713636 0.288086 0.714773 0.287109 0.714773 0.286133 0.715909 0.285156 0.715909 0.28418 0.717045 0.283203 0.717045 0.282227 0.718182 0.28125 0.718182 0.279297 0.720455 0.27832 0.720455 0.276367 0.722727 0.275391 0.722727 0.272461 0.726136 0.271484 0.726136 0.270508 0.727273 0.267578 0.727273 0.267578 0.751136 0.294922 0.751136 0.294922 0.746591 0.299805 0.740909 0.301758 0.740909 0.302734 0.739773 0.305664 0.739773 0.306641 0.738636 0.310547 0.738636 0.311523 0.7375 0.314453 0.7375 0.31543 0.736364 0.320312 0.736364 0.321289 0.735227 0.324219 0.735227 0.325195 0.734091 0.327148 0.734091 0.328125 0.732955 0.330078 0.732955 0.331055 0.731818 0.332031 0.731818 0.333008 0.730682 0.333984 0.730682 0.334961 0.729545 0.335938 0.729545 0.337891 0.727273 0.338867 0.727273 0.339844 0.726136 0.34082 0.726136 0.341797 0.725 0.342773 0.725 0.344727 0.722727 0.345703 0.722727 0.34668 0.721591 0.347656 0.721591 0.355469 0.7125 0.355469 0.711364 0.356445 0.710227 0.356445 0.709091 0.357422 0.707955 0.360352 0.707955 0.360352 0.702273 0.357422 0.702273 0.355469 0.7 0.355469 0.698864 0.354492 0.697727 0.354492 0.693182
0 0.400391 0.238636 0.400391 0.277273 0.40332 0.277273 0.404297 0.278409 0.404297 0.279545 0.405273 0.280682 0.405273 0.281818 0.40625 0.282955 0.40625 0.285227 0.407227 0.286364 0.407227 0.2875 0.408203 0.288636 0.408203 0.289773 0.40918 0.290909 0.40918 0.292045 0.410156 0.293182 0.410156 0.294318 0.414062 0.298864 0.414062 0.3 0.416992 0.303409 0.416992 0.304545 0.421875 0.310227 0.421875 0.311364 0.426758 0.317045 0.427734 0.317045 0.428711 0.318182 0.428711 0.319318 0.44043 0.332955 0.44043 0.334091 0.442383 0.336364 0.443359 0.336364 0.446289 0.339773 0.447266 0.339773 0.448242 0.340909 0.454102 0.340909 0.455078 0.339773 0.457031 0.339773 0.458008 0.338636 0.458984 0.338636 0.461914 0.335227 0.46582 0.335227 0.46582 0.317045 0.461914 0.317045 0.460938 0.315909 0.460938 0.314773 0.458008 0.311364 0.458008 0.310227 0.455078 0.306818 0.455078 0.305682 0.454102 0.304545 0.454102 0.303409 0.452148 0.301136 0.452148 0.3 0.450195 0.297727 0.450195 0.296591 0.448242 0.294318 0.448242 0.293182 0.446289 0.290909 0.446289 0.289773 0.445312 0.288636 0.445312 0.2875 0.444336 0.286364 0.444336 0.285227 0.443359 0.284091 0.443359 0.282955 0.442383 0.281818 0.442383 0.280682 0.441406 0.279545 0.441406 0.277273 0.44043 0.276136 0.44043 0.275 0.439453 0.273864 0.439453 0.272727 0.438477 0.271591 0.438477 0.269318 0.4375 0.268182 0.4375 0.264773 0.436523 0.263636 0.436523 0.2625 0.435547 0.261364 0.435547 0.260227 0.43457 0.259091 0.43457 0.257955 0.428711 0.251136 0.427734 0.251136 0.423828 0.246591 0.422852 0.246591 0.418945 0.242045 0.418945 0.238636
1 0.578125 0.770455 0.578125 0.776136 0.577148 0.777273 0.577148 0.778409 0.576172 0.779545 0.576172 0.781818 0.575195 0.782955 0.575195 0.7875 0.574219 0.788636 0.574219 0.790909 0.573242 0.792045 0.573242 0.793182 0.572266 0.794318 0.572266 0.795455 0.571289 0.796591 0.571289 0.797727 0.570312 0.798864 0.570312 0.801136 0.569336 0.802273 0.569336 0.803409 0.568359 0.804545 0.568359 0.805682 0.567383 0.806818 0.567383 0.809091 0.566406 0.810227 0.566406 0.8125 0.56543 0.813636 0.56543 0.815909 0.563477 0.818182 0.560547 0.818182 0.560547 0.868182 0.566406 0.868182 0.567383 0.869318 0.571289 0.869318 0.572266 0.868182 0.574219 0.868182 0.575195 0.867045 0.576172 0.867045 0.583008 0.859091 0.583008 0.857955 0.583984 0.856818 0.583984 0.855682 0.584961 0.854545 0.584961 0.853409 0.585938 0.852273 0.585938 0.851136 0.586914 0.85 0.586914 0.847727 0.587891 0.846591 0.587891 0.845455 0.588867 0.844318 0.588867 0.842045 0.589844 0.840909 0.589844 0.839773 0.59082 0.838636 0.59082 0.8375 0.591797 0.836364 0.591797 0.835227 0.592773 0.834091 0.592773 0.831818 0.594727 0.829545 0.594727 0.827273 0.595703 0.826136 0.595703 0.825 0.59668 0.823864 0.59668 0.822727 0.597656 0.821591 0.597656 0.820455 0.599609 0.818182 0.602539 0.818182 0.602539 0.780682 0.599609 0.780682 0.597656 0.778409 0.597656 0.777273 0.59668 0.776136 0.59668 0.775 0.595703 0.773864 0.595703 0.770455
0 0.429688 0.511364 0.429688 0.514773 0.428711 0.515909 0.428711 0.517045 0.427734 0.518182 0.423828 0.518182 0.423828 0.548864 0.426758 0.548864 0.431641 0.554545 0.431641 0.555682 0.4375 0.5625 0.438477 0.5625 0.442383 0.567045 0.443359 0.567045 0.444336 0.568182 0.445312 0.568182 0.446289 0.569318 0.447266 0.569318 0.448242 0.570455 0.452148 0.570455 0.453125 0.571591 0.473633 0.571591 0.474609 0.570455 0.476562 0.570455 0.479492 0.567045 0.480469 0.567045 0.482422 0.564773 0.485352 0.564773 0.485352 0.545455 0.482422 0.545455 0.479492 0.542045 0.479492 0.540909 0.464844 0.523864 0.464844 0.522727 0.463867 0.521591 0.462891 0.521591 0.458008 0.515909 0.458008 0.511364
1 0.791016 0.497727 0.791016 0.503409 0.790039 0.504545 0.790039 0.505682 0.788086 0.507955 0.788086 0.509091 0.787109 0.510227 0.787109 0.511364 0.786133 0.5125 0.786133 0.513636 0.785156 0.514773 0.785156 0.515909 0.78418 0.517045 0.78418 0.518182 0.783203 0.519318 0.783203 0.520455 0.782227 0.521591 0.782227 0.523864 0.78125 0.525 0.78125 0.527273 0.780273 0.528409 0.780273 0.531818 0.779297 0.532955 0.779297 0.536364 0.77832 0.5375 0.77832 0.547727 0.777344 0.548864 0.777344 0.554545 0.776367 0.555682 0.776367 0.561364 0.775391 0.5625 0.775391 0.569318 0.774414 0.570455 0.774414 0.573864 0.773438 0.575 0.773438 0.576136 0.772461 0.577273 0.772461 0.578409 0.771484 0.579545 0.771484 0.580682 0.770508 0.581818 0.770508 0.582955 0.769531 0.584091 0.769531 0.586364 0.768555 0.5875 0.768555 0.590909 0.767578 0.592045 0.767578 0.594318 0.766602 0.595455 0.763672 0.595455 0.763672 0.619318 0.788086 0.619318 0.788086 0.613636 0.789062 0.6125 0.789062 0.611364 0.791016 0.609091 0.791016 0.607955 0.791992 0.606818 0.791992 0.605682 0.793945 0.603409 0.793945 0.602273 0.794922 0.601136 0.794922 0.6 0.795898 0.598864 0.795898 0.597727 0.796875 0.596591 0.796875 0.594318 0.797852 0.593182 0.797852 0.590909 0.798828 0.589773 0.798828 0.586364 0.799805 0.585227 0.799805 0.580682 0.800781 0.579545 0.800781 0.573864 0.801758 0.572727 0.801758 0.568182 0.802734 0.567045 0.802734 0.556818 0.803711 0.555682 0.803711 0.553409 0.804688 0.552273 0.804688 0.551136 0.805664 0.55 0.805664 0.547727 0.806641 0.546591 0.806641 0.543182 0.807617 0.542045 0.807617 0.538636 0.808594 0.5375 0.808594 0.534091 0.80957 0.532955 0.80957 0.527273 0.810547 0.526136 0.810547 0.520455 0.811523 0.519318 0.811523 0.504545 0.810547 0.503409 0.810547 0.497727
0 0.619141 0.561364 0.619141 0.564773 0.608398 0.577273 0.607422 0.577273 0.604492 0.580682 0.603516 0.580682 0.600586 0.584091 0.599609 0.584091 0.598633 0.585227 0.595703 0.585227 0.595703 0.603409 0.599609 0.603409 0.600586 0.604545 0.601562 0.604545 0.602539 0.605682 0.603516 0.605682 0.605469 0.607955 0.606445 0.607955 0.607422 0.609091 0.608398 0.609091 0.609375 0.610227 0.610352 0.610227 0.612305 0.6125 0.613281 0.6125 0.616211 0.615909 0.616211 0.619318 0.624023 0.619318 0.624023 0.615909 0.625977 0.613636 0.626953 0.613636 0.628906 0.611364 0.629883 0.611364 0.630859 0.610227 0.631836 0.610227 0.632812 0.609091 0.633789 0.609091 0.634766 0.607955 0.635742 0.607955 0.638672 0.604545 0.639648 0.604545 0.640625 0.603409 0.641602 0.603409 0.645508 0.598864 0.646484 0.598864 0.655273 0.588636 0.655273 0.5875 0.65625 0.586364 0.65625 0.585227 0.658203 0.582955 0.661133 0.582955 0.661133 0.573864 0.657227 0.573864 0.65625 0.572727 0.65625 0.571591 0.655273 0.571591 0.65332 0.569318 0.65332 0.568182 0.651367 0.565909 0.650391 0.565909 0.649414 0.564773 0.649414 0.561364
0 0.568359 0.711364 0.568359 0.736364 0.572266 0.736364 0.577148 0.742045 0.577148 0.743182 0.579102 0.745455 0.579102 0.746591 0.581055 0.748864 0.581055 0.75 0.583008 0.752273 0.583008 0.753409 0.587891 0.759091 0.587891 0.760227 0.588867 0.761364 0.589844 0.761364 0.599609 0.772727 0.599609 0.773864 0.605469 0.780682 0.605469 0.781818 0.607422 0.784091 0.607422 0.785227 0.610352 0.788636 0.610352 0.789773 0.612305 0.792045 0.612305 0.793182 0.613281 0.794318 0.613281 0.795455 0.614258 0.796591 0.614258 0.797727 0.615234 0.798864 0.615234 0.8 0.616211 0.801136 0.616211 0.802273 0.617188 0.803409 0.617188 0.804545 0.619141 0.806818 0.619141 0.807955 0.620117 0.809091 0.620117 0.810227 0.62207 0.8125 0.62207 0.813636 0.624023 0.815909 0.624023 0.817045 0.625977 0.819318 0.625977 0.820455 0.629883 0.825 0.629883 0.826136 0.637695 0.835227 0.638672 0.835227 0.639648 0.836364 0.641602 0.836364 0.642578 0.8375 0.643555 0.8375 0.644531 0.838636 0.644531 0.842045 0.647461 0.842045 0.647461 0.838636 0.649414 0.836364 0.652344 0.836364 0.65332 0.835227 0.657227 0.835227 0.658203 0.834091 0.665039 0.834091 0.665039 0.814773 0.662109 0.814773 0.661133 0.813636 0.661133 0.8125 0.660156 0.811364 0.660156 0.807955 0.65918 0.806818 0.65918 0.804545 0.658203 0.803409 0.658203 0.802273 0.657227 0.801136 0.657227 0.8 0.65625 0.798864 0.65625 0.797727 0.655273 0.796591 0.655273 0.795455 0.654297 0.794318 0.654297 0.793182 0.65332 0.792045 0.65332 0.790909 0.650391 0.7875 0.650391 0.786364 0.647461 0.782955 0.647461 0.781818 0.641602 0.775 0.641602 0.773864 0.638672 0.770455 0.638672 0.769318 0.636719 0.767045 0.636719 0.765909 0.635742 0.764773 0.635742 0.763636 0.634766 0.7625 0.634766 0.761364 0.633789 0.760227 0.633789 0.759091 0.632812 0.757955 0.632812 0.756818 0.631836 0.755682 0.631836 0.754545 0.629883 0.752273 0.629883 0.751136 0.628906 0.75 0.628906 0.748864 0.625977 0.745455 0.625977 0.744318 0.616211 0.732955 0.615234 0.732955 0.609375 0.726136 0.608398 0.726136 0.604492 0.721591 0.603516 0.721591 0.598633 0.715909 0.597656 0.715909 0.59668 0.714773 0.59668 0.711364
1 0.458984 0 0.458984 0.0284091 0.461914 0.0284091 0.463867 0.0306818 0.463867 0.0318182 0.464844 0.0329545 0.464844 0.0340909 0.46582 0.0352273 0.46582 0.0363636 0.466797 0.0375 0.466797 0.0386364 0.467773 0.0397727 0.467773 0.0409091 0.469727 0.0431818 0.469727 0.0443182 0.472656 0.0477273 0.472656 0.0488636 0.477539 0.0545455 0.479492 0.0545455 0.480469 0.0556818 0.482422 0.0556818 0.483398 0.0545455 0.484375 0.0545455 0.486328 0.0522727 0.489258 0.0522727 0.489258 0.0261364 0.486328 0.0261364 0.485352 0.025 0.485352 0.0170455 0.484375 0.0159091 0.484375 0.0113636 0.483398 0.0102273 0.483398 0.00909091 0.482422 0.00795455 0.482422 0.00681818 0.480469 0.00454545 0.480469 0.00340909 0.478516 0.00113636 0.478516 0
1 0.509766 0.288636 0.509766 0.292045 0.507812 0.294318 0.505859 0.294318 0.504883 0.295455 0.501953 0.295455 0.501953 0.309091 0.505859 0.309091 0.506836 0.310227 0.507812 0.310227 0.508789 0.311364 0.510742 0.311364 0.511719 0.3125 0.513672 0.3125 0.514648 0.313636 0.515625 0.313636 0.516602 0.314773 0.517578 0.314773 0.518555 0.315909 0.521484 0.315909 0.522461 0.317045 0.533203 0.317045 0.53418 0.318182 0.538086 0.318182 0.539062 0.319318 0.542969 0.319318 0.543945 0.320455 0.550781 0.320455 0.551758 0.321591 0.561523 0.321591 0.5625 0.320455 0.581055 0.320455 0.582031 0.319318 0.591797 0.319318 0.592773 0.320455 0.595703 0.320455 0.597656 0.322727 0.598633 0.322727 0.599609 0.323864 0.600586 0.323864 0.601562 0.325 0.602539 0.325 0.603516 0.326136 0.605469 0.326136 0.606445 0.327273 0.608398 0.327273 0.609375 0.328409 0.610352 0.328409 0.611328 0.329545 0.612305 0.329545 0.613281 0.330682 0.615234 0.330682 0.616211 0.331818 0.618164 0.331818 0.620117 0.334091 0.620117 0.3375 0.639648 0.3375 0.639648 0.332955 0.640625 0.331818 0.641602 0.331818 0.643555 0.329545 0.643555 0.328409 0.644531 0.327273 0.644531 0.326136 0.646484 0.323864 0.649414 0.323864 0.649414 0.318182 0.646484 0.318182 0.645508 0.317045 0.645508 0.315909 0.644531 0.314773 0.644531 0.313636 0.642578 0.311364 0.642578 0.310227 0.633789 0.3 0.632812 0.3 0.630859 0.297727 0.629883 0.297727 0.62793 0.295455 0.626953 0.295455 0.625977 0.294318 0.625 0.294318 0.623047 0.292045 0.623047 0.288636
0 0.615234 0.452273 0.615234 0.486364 0.619141 0.486364 0.620117 0.4875 0.620117 0.488636 0.621094 0.489773 0.621094 0.490909 0.623047 0.493182 0.623047 0.494318 0.625 0.496591 0.625 0.497727 0.626953 0.5 0.626953 0.501136 0.628906 0.503409 0.628906 0.504545 0.630859 0.506818 0.630859 0.507955 0.632812 0.510227 0.632812 0.511364 0.635742 0.514773 0.635742 0.515909 0.637695 0.518182 0.638672 0.518182 0.644531 0.525 0.644531 0.528409 0.65625 0.528409 0.65625 0.525 0.660156 0.520455 0.661133 0.520455 0.662109 0.519318 0.665039 0.519318 0.665039 0.498864 0.662109 0.498864 0.660156 0.496591 0.660156 0.495455 0.65918 0.494318 0.65918 0.493182 0.658203 0.492045 0.658203 0.490909 0.657227 0.489773 0.657227 0.488636 0.655273 0.486364 0.655273 0.485227 0.654297 0.484091 0.654297 0.481818 0.65332 0.480682 0.65332 0.478409 0.651367 0.476136 0.651367 0.475 0.649414 0.472727 0.649414 0.471591 0.647461 0.469318 0.647461 0.468182 0.639648 0.459091 0.638672 0.459091 0.635742 0.455682 0.635742 0.452273
0 0.356445 0.115909 0.356445 0.121591 0.355469 0.122727 0.355469 0.127273 0.354492 0.128409 0.354492 0.132955 0.353516 0.134091 0.353516 0.135227 0.352539 0.136364 0.352539 0.138636 0.350586 0.140909 0.350586 0.142045 0.34668 0.146591 0.34668 0.147727 0.34375 0.151136 0.34375 0.152273 0.341797 0.154545 0.341797 0.155682 0.34082 0.156818 0.34082 0.157955 0.338867 0.160227 0.338867 0.161364 0.337891 0.1625 0.337891 0.163636 0.336914 0.164773 0.336914 0.165909 0.334961 0.168182 0.334961 0.169318 0.332031 0.172727 0.332031 0.173864 0.329102 0.177273 0.326172 0.177273 0.326172 0.202273 0.330078 0.202273 0.331055 0.203409 0.332031 0.203409 0.333984 0.205682 0.334961 0.205682 0.335938 0.206818 0.336914 0.206818 0.337891 0.207955 0.338867 0.207955 0.339844 0.209091 0.34082 0.209091 0.341797 0.210227 0.34375 0.210227 0.344727 0.211364 0.344727 0.214773 0.349609 0.214773 0.349609 0.211364 0.351562 0.209091 0.353516 0.209091 0.354492 0.207955 0.355469 0.207955 0.358398 0.204545 0.359375 0.204545 0.366211 0.196591 0.366211 0.195455 0.369141 0.192045 0.369141 0.190909 0.370117 0.189773 0.370117 0.188636 0.37207 0.186364 0.37207 0.185227 0.374023 0.182955 0.374023 0.181818 0.375 0.180682 0.375 0.179545 0.375977 0.178409 0.375977 0.177273 0.376953 0.176136 0.376953 0.175 0.37793 0.173864 0.37793 0.171591 0.378906 0.170455 0.378906 0.168182 0.380859 0.165909 0.383789 0.165909 0.383789 0.115909
1 0.568359 0.711364 0.568359 0.735227 0.571289 0.735227 0.578125 0.743182 0.578125 0.744318 0.580078 0.746591 0.580078 0.747727 0.581055 0.748864 0.581055 0.75 0.583984 0.753409 0.583984 0.754545 0.599609 0.772727 0.599609 0.773864 0.604492 0.779545 0.604492 0.780682 0.607422 0.784091 0.607422 0.785227 0.609375 0.7875 0.609375 0.788636 0.611328 0.790909 0.611328 0.792045 0.612305 0.793182 0.612305 0.794318 0.613281 0.795455 0.613281 0.796591 0.615234 0.798864 0.615234 0.8 0.616211 0.801136 0.616211 0.802273 0.617188 0.803409 0.617188 0.804545 0.619141 0.806818 0.619141 0.807955 0.620117 0.809091 0.620117 0.810227 0.621094 0.811364 0.621094 0.8125 0.623047 0.814773 0.623047 0.815909 0.625977 0.819318 0.625977 0.820455 0.629883 0.825 0.629883 0.826136 0.635742 0.832955 0.635742 0.8375 0.665039 0.8375 0.665039 0.815909 0.662109 0.815909 0.661133 0.814773 0.661133 0.813636 0.660156 0.8125 0.660156 0.809091 0.65918 0.807955 0.65918 0.804545 0.658203 0.803409 0.658203 0.802273 0.657227 0.801136 0.657227 0.8 0.65625 0.798864 0.65625 0.797727 0.655273 0.796591 0.655273 0.795455 0.654297 0.794318 0.654297 0.793182 0.65332 0.792045 0.65332 0.790909 0.650391 0.7875 0.650391 0.786364 0.647461 0.782955 0.647461 0.781818 0.641602 0.775 0.641602 0.773864 0.638672 0.770455 0.638672 0.769318 0.636719 0.767045 0.636719 0.765909 0.635742 0.764773 0.635742 0.763636 0.634766 0.7625 0.634766 0.761364 0.633789 0.760227 0.633789 0.759091 0.632812 0.757955 0.632812 0.756818 0.631836 0.755682 0.631836 0.754545 0.629883 0.752273 0.629883 0.751136 0.628906 0.75 0.628906 0.748864 0.626953 0.746591 0.626953 0.745455 0.621094 0.738636 0.621094 0.7375 0.620117 0.7375 0.616211 0.732955 0.615234 0.732955 0.609375 0.726136 0.608398 0.726136 0.604492 0.721591 0.603516 0.721591 0.599609 0.717045 0.598633 0.717045 0.59668 0.714773 0.59668 0.711364
1 0.908203 0.729545 0.908203 0.744318 0.911133 0.744318 0.913086 0.746591 0.914062 0.746591 0.915039 0.747727 0.916016 0.747727 0.917969 0.75 0.918945 0.75 0.926758 0.759091 0.927734 0.759091 0.928711 0.760227 0.929688 0.760227 0.930664 0.761364 0.932617 0.761364 0.933594 0.7625 0.938477 0.7625 0.939453 0.763636 0.948242 0.763636 0.949219 0.764773 0.952148 0.764773 0.953125 0.765909 0.954102 0.765909 0.955078 0.767045 0.956055 0.767045 0.957031 0.768182 0.958008 0.768182 0.958984 0.769318 0.959961 0.769318 0.961914 0.771591 0.963867 0.771591 0.964844 0.772727 0.96582 0.772727 0.966797 0.773864 0.967773 0.773864 0.96875 0.775 0.970703 0.775 0.97168 0.776136 0.973633 0.776136 0.974609 0.777273 0.976562 0.777273 0.977539 0.778409 0.979492 0.778409 0.980469 0.779545 0.982422 0.779545 0.983398 0.780682 0.984375 0.780682 0.985352 0.781818 0.987305 0.781818 0.988281 0.782955 0.989258 0.782955 0.990234 0.784091 0.991211 0.784091 0.992188 0.785227 0.994141 0.785227 0.995117 0.786364 0.99707 0.786364 0.998047 0.7875 0.999023 0.7875 0.999023 0.763636 0.99707 0.763636 0.996094 0.7625 0.995117 0.7625 0.992188 0.759091 0.991211 0.759091 0.989258 0.756818 0.988281 0.756818 0.987305 0.755682 0.986328 0.755682 0.985352 0.754545 0.984375 0.754545 0.983398 0.753409 0.981445 0.753409 0.980469 0.752273 0.979492 0.752273 0.978516 0.751136 0.977539 0.751136 0.975586 0.748864 0.974609 0.748864 0.972656 0.746591 0.97168 0.746591 0.970703 0.745455 0.96875 0.745455 0.967773 0.744318 0.966797 0.744318 0.96582 0.743182 0.964844 0.743182 0.963867 0.742045 0.962891 0.742045 0.961914 0.740909 0.960938 0.740909 0.959961 0.739773 0.958984 0.739773 0.958008 0.738636 0.956055 0.738636 0.955078 0.7375 0.954102 0.7375 0.953125 0.736364 0.951172 0.736364 0.950195 0.735227 0.947266 0.735227 0.946289 0.734091 0.945312 0.734091 0.944336 0.732955 0.944336 0.729545
1 0.615234 0.0659091 0.615234 0.0920455 0.618164 0.0920455 0.623047 0.0977273 0.623047 0.0988636 0.625 0.101136 0.625 0.102273 0.626953 0.104545 0.626953 0.105682 0.62793 0.106818 0.62793 0.107955 0.628906 0.109091 0.628906 0.111364 0.629883 0.1125 0.629883 0.113636 0.630859 0.114773 0.630859 0.115909 0.631836 0.117045 0.631836 0.118182 0.632812 0.119318 0.632812 0.121591 0.633789 0.122727 0.633789 0.123864 0.634766 0.125 0.634766 0.126136 0.635742 0.127273 0.635742 0.128409 0.636719 0.129545 0.636719 0.130682 0.637695 0.131818 0.637695 0.132955 0.638672 0.134091 0.638672 0.135227 0.640625 0.1375 0.640625 0.138636 0.641602 0.139773 0.641602 0.140909 0.642578 0.142045 0.642578 0.143182 0.643555 0.144318 0.643555 0.145455 0.645508 0.147727 0.645508 0.148864 0.648438 0.152273 0.648438 0.153409 0.65332 0.159091 0.65332 0.160227 0.665039 0.173864 0.666016 0.173864 0.669922 0.178409 0.670898 0.178409 0.675781 0.184091 0.676758 0.184091 0.677734 0.185227 0.678711 0.185227 0.680664 0.1875 0.681641 0.1875 0.682617 0.188636 0.683594 0.188636 0.68457 0.189773 0.685547 0.189773 0.686523 0.190909 0.688477 0.190909 0.689453 0.192045 0.691406 0.192045 0.692383 0.193182 0.692383 0.196591 0.692383 0.193182 0.693359 0.192045 0.694336 0.192045 0.695312 0.190909 0.696289 0.190909 0.697266 0.189773 0.698242 0.189773 0.699219 0.188636 0.700195 0.188636 0.701172 0.1875 0.704102 0.1875 0.704102 0.167045 0.701172 0.167045 0.699219 0.164773 0.699219 0.163636 0.698242 0.1625 0.698242 0.161364 0.696289 0.159091 0.696289 0.157955 0.692383 0.153409 0.692383 0.152273 0.689453 0.148864 0.689453 0.147727 0.688477 0.146591 0.688477 0.145455 0.686523 0.143182 0.686523 0.142045 0.685547 0.140909 0.685547 0.138636 0.68457 0.1375 0.68457 0.135227 0.683594 0.134091 0.683594 0.130682 0.682617 0.129545 0.682617 0.128409 0.681641 0.127273 0.681641 0.126136 0.675781 0.119318 0.675781 0.118182 0.672852 0.114773 0.672852 0.113636 0.669922 0.110227 0.669922 0.109091 0.666992 0.105682 0.666992 0.104545 0.665039 0.102273 0.665039 0.101136 0.651367 0.0852273 0.650391 0.0852273 0.647461 0.0818182 0.646484 0.0818182 0.644531 0.0795455 0.643555 0.0795455 0.640625 0.0761364 0.639648 0.0761364 0.633789 0.0693182 0.633789 0.0659091
0 0.71582 0.465909 0.71582 0.470455 0.714844 0.471591 0.713867 0.471591 0.708008 0.478409 0.707031 0.478409 0.704102 0.481818 0.703125 0.481818 0.701172 0.484091 0.697266 0.484091 0.697266 0.504545 0.706055 0.504545 0.707031 0.505682 0.711914 0.505682 0.712891 0.504545 0.71875 0.504545 0.719727 0.503409 0.724609 0.503409 0.725586 0.502273 0.729492 0.502273 0.730469 0.501136 0.733398 0.501136 0.734375 0.5 0.737305 0.5 0.738281 0.498864 0.740234 0.498864 0.741211 0.497727 0.742188 0.497727 0.743164 0.496591 0.744141 0.496591 0.74707 0.493182 0.748047 0.493182 0.759766 0.479545 0.762695 0.479545 0.762695 0.471591 0.759766 0.471591 0.757812 0.469318 0.757812 0.465909
0 0.561523 0.370455 0.561523 0.373864 0.55957 0.376136 0.558594 0.376136 0.557617 0.377273 0.555664 0.377273 0.554688 0.378409 0.553711 0.378409 0.552734 0.379545 0.550781 0.379545 0.549805 0.380682 0.548828 0.380682 0.547852 0.381818 0.545898 0.381818 0.544922 0.382955 0.543945 0.382955 0.542969 0.384091 0.541992 0.384091 0.541016 0.385227 0.539062 0.385227 0.537109 0.3875 0.536133 0.3875 0.535156 0.388636 0.53418 0.388636 0.533203 0.389773 0.53125 0.389773 0.530273 0.390909 0.529297 0.390909 0.52832 0.392045 0.526367 0.392045 0.525391 0.393182 0.524414 0.393182 0.523438 0.394318 0.522461 0.394318 0.520508 0.396591 0.519531 0.396591 0.517578 0.398864 0.516602 0.398864 0.512695 0.403409 0.511719 0.403409 0.509766 0.405682 0.508789 0.405682 0.506836 0.407955 0.505859 0.407955 0.503906 0.410227 0.50293 0.410227 0.501953 0.411364 0.500977 0.411364 0.499023 0.413636 0.498047 0.413636 0.498047 0.414773 0.495117 0.418182 0.495117 0.419318 0.494141 0.420455 0.494141 0.421591 0.492188 0.423864 0.492188 0.425 0.491211 0.426136 0.491211 0.427273 0.489258 0.429545 0.486328 0.429545 0.486328 0.463636 0.491211 0.463636 0.492188 0.464773 0.494141 0.464773 0.495117 0.463636 0.498047 0.463636 0.499023 0.4625 0.500977 0.4625 0.501953 0.461364 0.50293 0.461364 0.503906 0.460227 0.504883 0.460227 0.505859 0.459091 0.507812 0.459091 0.508789 0.457955 0.509766 0.457955 0.510742 0.456818 0.512695 0.456818 0.513672 0.455682 0.514648 0.455682 0.515625 0.454545 0.516602 0.454545 0.518555 0.452273 0.519531 0.452273 0.527344 0.443182 0.52832 0.443182 0.53125 0.439773 0.532227 0.439773 0.53418 0.4375 0.535156 0.4375 0.537109 0.435227 0.538086 0.435227 0.539062 0.434091 0.540039 0.434091 0.541016 0.432955 0.541992 0.432955 0.543945 0.430682 0.544922 0.430682 0.545898 0.429545 0.546875 0.429545 0.547852 0.428409 0.548828 0.428409 0.550781 0.426136 0.552734 0.426136 0.553711 0.425 0.554688 0.425 0.555664 0.423864 0.556641 0.423864 0.557617 0.422727 0.558594 0.422727 0.560547 0.420455 0.561523 0.420455 0.5625 0.419318 0.563477 0.419318 0.564453 0.418182 0.56543 0.418182 0.567383 0.415909 0.568359 0.415909 0.570312 0.413636 0.571289 0.413636 0.577148 0.406818 0.578125 0.406818 0.587891 0.395455 0.587891 0.394318 0.589844 0.392045 0.589844 0.390909 0.59082 0.389773 0.594727 0.389773 0.594727 0.376136 0.591797 0.376136 0.589844 0.373864 0.589844 0.370455
0 0.615234 0.0659091 0.615234 0.0920455 0.619141 0.0920455 0.620117 0.0931818 0.620117 0.0943182 0.624023 0.0988636 0.624023 0.1 0.625 0.101136 0.625 0.102273 0.626953 0.104545 0.626953 0.105682 0.62793 0.106818 0.62793 0.107955 0.628906 0.109091 0.628906 0.110227 0.629883 0.111364 0.629883 0.113636 0.630859 0.114773 0.630859 0.115909 0.631836 0.117045 0.631836 0.118182 0.632812 0.119318 0.632812 0.121591 0.633789 0.122727 0.633789 0.123864 0.634766 0.125 0.634766 0.126136 0.635742 0.127273 0.635742 0.128409 0.636719 0.129545 0.636719 0.130682 0.637695 0.131818 0.637695 0.132955 0.639648 0.135227 0.639648 0.136364 0.640625 0.1375 0.640625 0.138636 0.641602 0.139773 0.641602 0.140909 0.642578 0.142045 0.642578 0.143182 0.644531 0.145455 0.644531 0.146591 0.645508 0.147727 0.645508 0.148864 0.649414 0.153409 0.649414 0.154545 0.65332 0.159091 0.65332 0.160227 0.664062 0.172727 0.665039 0.172727 0.668945 0.177273 0.669922 0.177273 0.674805 0.182955 0.675781 0.182955 0.677734 0.185227 0.678711 0.185227 0.679688 0.186364 0.680664 0.186364 0.682617 0.188636 0.683594 0.188636 0.68457 0.189773 0.686523 0.189773 0.6875 0.190909 0.689453 0.190909 0.69043 0.192045 0.693359 0.192045 0.694336 0.190909 0.696289 0.190909 0.697266 0.189773 0.698242 0.189773 0.700195 0.1875 0.704102 0.1875 0.704102 0.167045 0.701172 0.167045 0.699219 0.164773 0.699219 0.163636 0.698242 0.1625 0.698242 0.161364 0.696289 0.159091 0.696289 0.157955 0.692383 0.153409 0.692383 0.152273 0.689453 0.148864 0.689453 0.147727 0.688477 0.146591 0.688477 0.145455 0.686523 0.143182 0.686523 0.142045 0.685547 0.140909 0.685547 0.138636 0.68457 0.1375 0.68457 0.135227 0.683594 0.134091 0.683594 0.130682 0.682617 0.129545 0.682617 0.128409 0.681641 0.127273 0.681641 0.126136 0.674805 0.118182 0.674805 0.117045 0.671875 0.113636 0.671875 0.1125 0.668945 0.109091 0.668945 0.107955 0.666992 0.105682 0.666992 0.104545 0.665039 0.102273 0.665039 0.101136 0.664062 0.101136 0.662109 0.0988636 0.662109 0.0977273 0.65625 0.0909091 0.655273 0.0909091 0.649414 0.0840909 0.648438 0.0840909 0.645508 0.0806818 0.644531 0.0806818 0.641602 0.0772727 0.640625 0.0772727 0.636719 0.0727273 0.635742 0.0727273 0.633789 0.0704545 0.633789 0.0659091
1 0.582031 0.406818 0.582031 0.410227 0.581055 0.411364 0.581055 0.413636 0.580078 0.414773 0.580078 0.421591 0.579102 0.422727 0.579102 0.427273 0.578125 0.428409 0.578125 0.432955 0.577148 0.434091 0.577148 0.438636 0.576172 0.439773 0.576172 0.443182 0.575195 0.444318 0.575195 0.445455 0.574219 0.446591 0.574219 0.448864 0.573242 0.45 0.573242 0.451136 0.572266 0.452273 0.572266 0.453409 0.571289 0.454545 0.571289 0.455682 0.569336 0.457955 0.569336 0.459091 0.567383 0.461364 0.564453 0.461364 0.564453 0.492045 0.567383 0.492045 0.568359 0.493182 0.569336 0.493182 0.571289 0.495455 0.572266 0.495455 0.574219 0.497727 0.574219 0.501136 0.584961 0.501136 0.584961 0.497727 0.585938 0.496591 0.585938 0.495455 0.587891 0.493182 0.587891 0.490909 0.588867 0.489773 0.588867 0.488636 0.589844 0.4875 0.589844 0.485227 0.59082 0.484091 0.59082 0.480682 0.591797 0.479545 0.591797 0.475 0.592773 0.473864 0.592773 0.471591 0.59375 0.470455 0.59375 0.469318 0.594727 0.468182 0.594727 0.467045 0.595703 0.465909 0.595703 0.461364 0.59668 0.460227 0.59668 0.454545 0.597656 0.453409 0.597656 0.45 0.598633 0.448864 0.598633 0.447727 0.599609 0.446591 0.602539 0.446591 0.602539 0.4125 0.599609 0.4125 0.598633 0.411364 0.598633 0.406818
1 0.847656 0.525 0.847656 0.528409 0.845703 0.530682 0.844727 0.530682 0.84375 0.531818 0.842773 0.531818 0.841797 0.532955 0.84082 0.532955 0.839844 0.534091 0.837891 0.534091 0.836914 0.535227 0.834961 0.535227 0.833984 0.536364 0.833008 0.536364 0.831055 0.538636 0.830078 0.538636 0.824219 0.545455 0.824219 0.546591 0.823242 0.547727 0.823242 0.548864 0.821289 0.551136 0.818359 0.551136 0.818359 0.569318 0.827148 0.569318 0.827148 0.565909 0.828125 0.564773 0.829102 0.564773 0.830078 0.563636 0.831055 0.563636 0.832031 0.5625 0.833984 0.5625 0.834961 0.561364 0.835938 0.561364 0.836914 0.560227 0.837891 0.560227 0.838867 0.559091 0.84082 0.559091 0.841797 0.557955 0.84375 0.557955 0.844727 0.556818 0.845703 0.556818 0.84668 0.555682 0.848633 0.555682 0.849609 0.554545 0.853516 0.554545 0.854492 0.553409 0.866211 0.553409 0.867188 0.552273 0.874023 0.552273 0.875 0.551136 0.87793 0.551136 0.878906 0.55 0.881836 0.55 0.882812 0.548864 0.885742 0.548864 0.886719 0.547727 0.888672 0.547727 0.890625 0.545455 0.891602 0.545455 0.895508 0.540909 0.899414 0.540909 0.899414 0.529545 0.896484 0.529545 0.895508 0.528409 0.895508 0.525
0 0.0371094 0.825 0.0371094 0.844318 0.0400391 0.844318 0.0419922 0.846591 0.0429688 0.846591 0.0478516 0.852273 0.0478516 0.853409 0.0527344 0.859091 0.0527344 0.860227 0.0576172 0.865909 0.0585938 0.865909 0.0595703 0.867045 0.0615234 0.867045 0.0625 0.868182 0.0654297 0.868182 0.0673828 0.870455 0.0673828 0.873864 0.0908203 0.873864 0.0908203 0.870455 0.0927734 0.868182 0.09375 0.868182 0.0947266 0.867045 0.0986328 0.867045 0.0986328 0.856818 0.0957031 0.856818 0.09375 0.854545 0.09375 0.853409 0.0927734 0.852273 0.0927734 0.851136 0.0917969 0.85 0.0917969 0.848864 0.0898438 0.846591 0.0898438 0.845455 0.0800781 0.834091 0.0791016 0.834091 0.078125 0.832955 0.0771484 0.832955 0.0761719 0.831818 0.0751953 0.831818 0.0742188 0.830682 0.0722656 0.830682 0.0712891 0.829545 0.0703125 0.829545 0.0693359 0.828409 0.0693359 0.825
1 0.919922 0.625 0.919922 0.628409 0.917969 0.630682 0.916016 0.630682 0.914062 0.632955 0.913086 0.632955 0.911133 0.635227 0.90918 0.635227 0.908203 0.636364 0.907227 0.636364 0.90625 0.6375 0.905273 0.6375 0.904297 0.638636 0.902344 0.638636 0.901367 0.639773 0.898438 0.639773 0.897461 0.640909 0.895508 0.640909 0.894531 0.642045 0.891602 0.642045 0.890625 0.643182 0.888672 0.643182 0.887695 0.644318 0.882812 0.644318 0.881836 0.645455 0.875977 0.645455 0.875 0.646591 0.868164 0.646591 0.867188 0.647727 0.865234 0.647727 0.864258 0.648864 0.853516 0.648864 0.853516 0.673864 0.879883 0.673864 0.879883 0.670455 0.881836 0.668182 0.883789 0.668182 0.884766 0.667045 0.885742 0.667045 0.886719 0.665909 0.888672 0.665909 0.889648 0.664773 0.890625 0.664773 0.891602 0.663636 0.893555 0.663636 0.894531 0.6625 0.896484 0.6625 0.897461 0.661364 0.902344 0.661364 0.90332 0.660227 0.907227 0.660227 0.908203 0.659091 0.911133 0.659091 0.912109 0.657955 0.931641 0.657955 0.932617 0.656818 0.935547 0.656818 0.936523 0.655682 0.938477 0.655682 0.939453 0.654545 0.94043 0.654545 0.941406 0.653409 0.942383 0.653409 0.943359 0.652273 0.944336 0.652273 0.945312 0.651136 0.946289 0.651136 0.947266 0.65 0.948242 0.65 0.949219 0.648864 0.951172 0.648864 0.952148 0.647727 0.957031 0.647727 0.958008 0.646591 0.958984 0.646591 0.959961 0.645455 0.960938 0.645455 0.960938 0.644318 0.962891 0.642045 0.962891 0.640909 0.963867 0.639773 0.963867 0.6375 0.958984 0.631818 0.958008 0.631818 0.955078 0.628409 0.955078 0.625
1 0.716797 0.143182 0.716797 0.169318 0.719727 0.169318 0.72168 0.171591 0.72168 0.172727 0.722656 0.173864 0.722656 0.175 0.723633 0.176136 0.723633 0.177273 0.725586 0.179545 0.725586 0.180682 0.727539 0.182955 0.727539 0.184091 0.729492 0.186364 0.729492 0.1875 0.736328 0.195455 0.736328 0.196591 0.75293 0.215909 0.753906 0.215909 0.755859 0.218182 0.756836 0.218182 0.757812 0.219318 0.758789 0.219318 0.759766 0.220455 0.762695 0.220455 0.763672 0.221591 0.78125 0.221591 0.782227 0.220455 0.783203 0.220455 0.787109 0.225 0.787109 0.228409 0.791016 0.228409 0.791016 0.222727 0.791992 0.221591 0.791992 0.218182 0.791016 0.217045 0.791016 0.215909 0.786133 0.210227 0.785156 0.210227 0.78418 0.209091 0.783203 0.209091 0.782227 0.207955 0.78125 0.207955 0.780273 0.206818 0.779297 0.206818 0.777344 0.204545 0.775391 0.204545 0.773438 0.202273 0.772461 0.202273 0.771484 0.201136 0.770508 0.201136 0.768555 0.198864 0.767578 0.198864 0.764648 0.195455 0.763672 0.195455 0.759766 0.190909 0.758789 0.190909 0.755859 0.1875 0.754883 0.1875 0.75293 0.185227 0.751953 0.185227 0.749023 0.181818 0.748047 0.181818 0.74707 0.180682 0.74707 0.179545 0.745117 0.177273 0.745117 0.176136 0.744141 0.175 0.744141 0.173864 0.742188 0.171591 0.742188 0.170455 0.739258 0.167045 0.739258 0.165909 0.733398 0.159091 0.733398 0.157955 0.730469 0.154545 0.730469 0.153409 0.727539 0.15 0.727539 0.148864 0.726562 0.147727 0.726562 0.143182
0 0.490234 0 0.490234 0.0170455 0.493164 0.0170455 0.494141 0.0181818 0.495117 0.0181818 0.496094 0.0193182 0.498047 0.0193182 0.499023 0.0204545 0.5 0.0204545 0.501953 0.0227273 0.50293 0.0227273 0.503906 0.0238636 0.504883 0.0238636 0.505859 0.025 0.506836 0.025 0.508789 0.0272727 0.509766 0.0272727 0.510742 0.0284091 0.511719 0.0284091 0.512695 0.0295455 0.513672 0.0295455 0.514648 0.0306818 0.515625 0.0306818 0.516602 0.0318182 0.517578 0.0318182 0.520508 0.0352273 0.521484 0.0352273 0.523438 0.0375 0.524414 0.0375 0.526367 0.0397727 0.527344 0.0397727 0.540039 0.0545455 0.541016 0.0545455 0.542969 0.0568182 0.543945 0.0568182 0.545898 0.0590909 0.546875 0.0590909 0.548828 0.0613636 0.549805 0.0613636 0.550781 0.0625 0.551758 0.0625 0.552734 0.0636364 0.553711 0.0636364 0.554688 0.0647727 0.555664 0.0647727 0.556641 0.0659091 0.564453 0.0659091 0.56543 0.0647727 0.573242 0.0647727 0.574219 0.0636364 0.576172 0.0636364 0.577148 0.0625 0.578125 0.0625 0.579102 0.0613636 0.583008 0.0613636 0.583008 0.0443182 0.580078 0.0443182 0.578125 0.0420455 0.578125 0.0409091 0.577148 0.0397727 0.577148 0.0386364 0.575195 0.0363636 0.575195 0.0352273 0.573242 0.0329545 0.573242 0.0318182 0.571289 0.0295455 0.571289 0.0284091 0.550781 0.00454545 0.549805 0.00454545 0.546875 0.00113636 0.546875 0
0 0.212891 0.0340909 0.212891 0.0965909 0.21582 0.0965909 0.217773 0.0988636 0.217773 0.1 0.21875 0.101136 0.21875 0.103409 0.219727 0.104545 0.219727 0.105682 0.220703 0.106818 0.220703 0.109091 0.22168 0.110227 0.22168 0.114773 0.246094 0.114773 0.246094 0.111364 0.24707 0.110227 0.24707 0.109091 0.248047 0.107955 0.250977 0.107955 0.250977 0.0704545 0.248047 0.0704545 0.246094 0.0681818 0.246094 0.0659091 0.245117 0.0647727 0.245117 0.0625 0.244141 0.0613636 0.244141 0.0602273 0.243164 0.0590909 0.243164 0.0579545 0.242188 0.0568182 0.242188 0.0556818 0.241211 0.0545455 0.241211 0.0534091 0.240234 0.0522727 0.240234 0.0511364 0.239258 0.05 0.239258 0.0488636 0.238281 0.0477273 0.238281 0.0465909 0.237305 0.0454545 0.237305 0.0443182 0.235352 0.0420455 0.235352 0.0409091 0.234375 0.0397727 0.234375 0.0386364 0.233398 0.0375 0.233398 0.0340909
1 0.665039 0.611364 0.665039 0.614773 0.663086 0.617045 0.662109 0.617045 0.65918 0.620455 0.657227 0.620455 0.65625 0.621591 0.655273 0.621591 0.654297 0.622727 0.65332 0.622727 0.652344 0.623864 0.651367 0.623864 0.650391 0.625 0.648438 0.625 0.647461 0.626136 0.644531 0.626136 0.643555 0.627273 0.641602 0.627273 0.639648 0.629545 0.638672 0.629545 0.637695 0.630682 0.635742 0.630682 0.634766 0.631818 0.632812 0.631818 0.631836 0.632955 0.630859 0.632955 0.629883 0.634091 0.628906 0.634091 0.62793 0.635227 0.623047 0.635227 0.62207 0.636364 0.617188 0.636364 0.616211 0.6375 0.614258 0.6375 0.613281 0.638636 0.610352 0.638636 0.609375 0.639773 0.608398 0.639773 0.607422 0.640909 0.605469 0.640909 0.604492 0.642045 0.603516 0.642045 0.602539 0.643182 0.601562 0.643182 0.599609 0.645455 0.598633 0.645455 0.595703 0.648864 0.594727 0.648864 0.592773 0.651136 0.591797 0.651136 0.59082 0.652273 0.587891 0.652273 0.587891 0.667045 0.600586 0.667045 0.601562 0.668182 0.605469 0.668182 0.606445 0.669318 0.607422 0.669318 0.608398 0.670455 0.608398 0.673864 0.638672 0.673864 0.638672 0.670455 0.640625 0.668182 0.642578 0.668182 0.643555 0.667045 0.644531 0.667045 0.645508 0.665909 0.646484 0.665909 0.65332 0.657955 0.654297 0.657955 0.65625 0.655682 0.657227 0.655682 0.658203 0.654545 0.660156 0.654545 0.661133 0.653409 0.665039 0.653409 0.666016 0.652273 0.668945 0.652273 0.669922 0.651136 0.671875 0.651136 0.672852 0.65 0.673828 0.65 0.674805 0.648864 0.676758 0.648864 0.679688 0.645455 0.680664 0.645455 0.686523 0.638636 0.686523 0.6375 0.689453 0.634091 0.692383 0.634091 0.692383 0.625 0.689453 0.625 0.688477 0.623864 0.688477 0.622727 0.6875 0.621591 0.6875 0.620455 0.686523 0.619318 0.686523 0.611364
1 0.0722656 0.0477273 0.0722656 0.0715909 0.0771484 0.0715909 0.078125 0.0727273 0.0791016 0.0727273 0.0800781 0.0738636 0.0810547 0.0738636 0.0820312 0.075 0.0830078 0.075 0.0839844 0.0761364 0.0859375 0.0761364 0.0869141 0.0772727 0.0878906 0.0772727 0.0888672 0.0784091 0.0898438 0.0784091 0.0908203 0.0795455 0.0917969 0.0795455 0.09375 0.0818182 0.0947266 0.0818182 0.0957031 0.0829545 0.0966797 0.0829545 0.0986328 0.0852273 0.0996094 0.0852273 0.101562 0.0875 0.102539 0.0875 0.103516 0.0886364 0.104492 0.0886364 0.105469 0.0897727 0.106445 0.0897727 0.109375 0.0931818 0.110352 0.0931818 0.112305 0.0954545 0.113281 0.0954545 0.115234 0.0977273 0.116211 0.0977273 0.117188 0.0988636 0.118164 0.0988636 0.119141 0.1 0.121094 0.1 0.12207 0.101136 0.123047 0.101136 0.124023 0.102273 0.124023 0.105682 0.135742 0.105682 0.135742 0.102273 0.138672 0.0988636 0.139648 0.0988636 0.141602 0.0965909 0.145508 0.0965909 0.145508 0.0886364 0.142578 0.0886364 0.136719 0.0818182 0.135742 0.0818182 0.132812 0.0784091 0.131836 0.0784091 0.129883 0.0761364 0.128906 0.0761364 0.125977 0.0727273 0.125 0.0727273 0.12207 0.0693182 0.121094 0.0693182 0.120117 0.0681818 0.119141 0.0681818 0.118164 0.0670455 0.117188 0.0670455 0.116211 0.0659091 0.115234 0.0659091 0.113281 0.0636364 0.112305 0.0636364 0.111328 0.0625 0.110352 0.0625 0.107422 0.0590909 0.106445 0.0590909 0.101562 0.0534091 0.100586 0.0534091 0.0996094 0.0522727 0.0996094 0.0477273
1 0.389648 0.497727 0.389648 0.501136 0.387695 0.503409 0.386719 0.503409 0.383789 0.506818 0.382812 0.506818 0.381836 0.507955 0.380859 0.507955 0.376953 0.5125 0.375977 0.5125 0.374023 0.514773 0.374023 0.515909 0.370117 0.520455 0.370117 0.521591 0.368164 0.523864 0.368164 0.525 0.365234 0.528409 0.365234 0.529545 0.363281 0.531818 0.363281 0.532955 0.362305 0.534091 0.362305 0.535227 0.361328 0.536364 0.361328 0.5375 0.359375 0.539773 0.359375 0.540909 0.356445 0.544318 0.353516 0.544318 0.353516 0.567045 0.363281 0.567045 0.364258 0.565909 0.366211 0.565909 0.368164 0.563636 0.370117 0.563636 0.371094 0.5625 0.37207 0.5625 0.373047 0.561364 0.374023 0.561364 0.375977 0.559091 0.376953 0.559091 0.37793 0.557955 0.378906 0.557955 0.380859 0.555682 0.381836 0.555682 0.389648 0.546591 0.389648 0.545455 0.395508 0.538636 0.395508 0.5375 0.401367 0.530682 0.401367 0.529545 0.40332 0.527273 0.40332 0.526136 0.40625 0.522727 0.40625 0.521591 0.407227 0.520455 0.407227 0.518182 0.408203 0.517045 0.408203 0.515909 0.40918 0.514773 0.40918 0.511364 0.412109 0.507955 0.415039 0.507955 0.415039 0.497727
1 0.220703 0.111364 0.220703 0.136364 0.223633 0.136364 0.226562 0.139773 0.226562 0.140909 0.228516 0.143182 0.228516 0.144318 0.229492 0.145455 0.229492 0.146591 0.230469 0.147727 0.230469 0.15 0.231445 0.151136 0.231445 0.155682 0.232422 0.156818 0.232422 0.159091 0.233398 0.160227 0.233398 0.161364 0.234375 0.1625 0.234375 0.163636 0.235352 0.164773 0.235352 0.165909 0.236328 0.167045 0.236328 0.168182 0.238281 0.170455 0.238281 0.171591 0.240234 0.173864 0.240234 0.175 0.243164 0.178409 0.243164 0.179545 0.246094 0.182955 0.246094 0.184091 0.24707 0.185227 0.24707 0.186364 0.248047 0.1875 0.248047 0.192045 0.270508 0.192045 0.270508 0.157955 0.267578 0.157955 0.266602 0.156818 0.266602 0.155682 0.265625 0.154545 0.265625 0.152273 0.261719 0.147727 0.261719 0.145455 0.260742 0.144318 0.260742 0.143182 0.259766 0.142045 0.259766 0.139773 0.258789 0.138636 0.258789 0.136364 0.257812 0.135227 0.257812 0.132955 0.256836 0.131818 0.256836 0.129545 0.255859 0.128409 0.255859 0.126136 0.254883 0.125 0.254883 0.123864 0.253906 0.122727 0.253906 0.121591 0.25293 0.120455 0.25293 0.119318 0.251953 0.118182 0.251953 0.117045 0.250977 0.115909 0.250977 0.111364
1 0.220703 0.0795455 0.220703 0.136364 0.223633 0.136364 0.226562 0.139773 0.226562 0.140909 0.228516 0.143182 0.228516 0.144318 0.229492 0.145455 0.229492 0.146591 0.230469 0.147727 0.230469 0.15 0.231445 0.151136 0.231445 0.155682 0.232422 0.156818 0.232422 0.160227 0.234375 0.1625 0.234375 0.163636 0.235352 0.164773 0.235352 0.165909 0.236328 0.167045 0.236328 0.168182 0.238281 0.170455 0.238281 0.171591 0.240234 0.173864 0.240234 0.175 0.243164 0.178409 0.243164 0.179545 0.246094 0.182955 0.246094 0.184091 0.24707 0.185227 0.24707 0.186364 0.248047 0.1875 0.248047 0.192045 0.270508 0.192045 0.270508 0.156818 0.267578 0.156818 0.265625 0.154545 0.265625 0.152273 0.261719 0.147727 0.261719 0.145455 0.260742 0.144318 0.260742 0.143182 0.259766 0.142045 0.259766 0.139773 0.258789 0.138636 0.258789 0.136364 0.257812 0.135227 0.257812 0.132955 0.256836 0.131818 0.256836 0.129545 0.255859 0.128409 0.255859 0.126136 0.254883 0.125 0.254883 0.123864 0.253906 0.122727 0.253906 0.121591 0.25293 0.120455 0.25293 0.119318 0.251953 0.118182 0.251953 0.117045 0.25 0.114773 0.25 0.113636 0.249023 0.1125 0.249023 0.111364 0.248047 0.110227 0.248047 0.107955 0.24707 0.106818 0.24707 0.105682 0.248047 0.104545 0.248047 0.0988636 0.249023 0.0977273 0.249023 0.0852273 0.248047 0.0840909 0.248047 0.0795455
1 0.561523 0.606818 0.561523 0.611364 0.560547 0.6125 0.560547 0.613636 0.557617 0.617045 0.557617 0.618182 0.540039 0.638636 0.539062 0.638636 0.537109 0.640909 0.535156 0.640909 0.53418 0.642045 0.533203 0.642045 0.532227 0.643182 0.53125 0.643182 0.529297 0.645455 0.52832 0.645455 0.527344 0.646591 0.525391 0.646591 0.524414 0.647727 0.521484 0.647727 0.521484 0.676136 0.525391 0.676136 0.52832 0.679545 0.52832 0.682955 0.529297 0.682955 0.529297 0.679545 0.530273 0.678409 0.532227 0.678409 0.533203 0.677273 0.536133 0.677273 0.537109 0.676136 0.538086 0.676136 0.539062 0.675 0.541016 0.675 0.541992 0.673864 0.543945 0.673864 0.545898 0.671591 0.546875 0.671591 0.547852 0.670455 0.548828 0.670455 0.550781 0.668182 0.551758 0.668182 0.554688 0.664773 0.555664 0.664773 0.576172 0.640909 0.576172 0.639773 0.583984 0.630682 0.586914 0.630682 0.586914 0.620455 0.583984 0.620455 0.582031 0.618182 0.582031 0.617045 0.580078 0.614773 0.580078 0.613636 0.578125 0.611364 0.578125 0.606818
1 0.976562 0.643182 0.976562 0.646591 0.975586 0.647727 0.970703 0.647727 0.969727 0.648864 0.96582 0.648864 0.964844 0.65 0.962891 0.65 0.961914 0.651136 0.959961 0.651136 0.958984 0.652273 0.958008 0.652273 0.957031 0.653409 0.955078 0.653409 0.954102 0.654545 0.953125 0.654545 0.952148 0.655682 0.951172 0.655682 0.950195 0.656818 0.948242 0.656818 0.947266 0.657955 0.944336 0.657955 0.943359 0.659091 0.941406 0.659091 0.94043 0.660227 0.939453 0.660227 0.938477 0.661364 0.936523 0.661364 0.935547 0.6625 0.93457 0.6625 0.933594 0.663636 0.931641 0.663636 0.930664 0.664773 0.927734 0.664773 0.927734 0.680682 0.931641 0.680682 0.932617 0.681818 0.933594 0.681818 0.93457 0.682955 0.935547 0.682955 0.936523 0.684091 0.9375 0.684091 0.938477 0.685227 0.942383 0.685227 0.943359 0.684091 0.946289 0.684091 0.947266 0.682955 0.949219 0.682955 0.950195 0.681818 0.957031 0.681818 0.958008 0.682955 0.961914 0.682955 0.962891 0.684091 0.967773 0.684091 0.96875 0.685227 0.986328 0.685227 0.987305 0.684091 0.992188 0.684091 0.993164 0.682955 0.995117 0.682955 0.996094 0.681818 0.999023 0.681818 0.999023 0.643182
1 0.693359 0.00227273 0.693359 0.0397727 0.696289 0.0397727 0.698242 0.0420455 0.698242 0.0431818 0.700195 0.0454545 0.700195 0.0465909 0.701172 0.0477273 0.701172 0.0488636 0.702148 0.05 0.702148 0.0511364 0.706055 0.0556818 0.706055 0.0568182 0.711914 0.0636364 0.712891 0.0636364 0.71582 0.0670455 0.716797 0.0670455 0.71875 0.0693182 0.719727 0.0693182 0.72168 0.0715909 0.722656 0.0715909 0.723633 0.0727273 0.724609 0.0727273 0.725586 0.0738636 0.726562 0.0738636 0.727539 0.075 0.728516 0.075 0.729492 0.0761364 0.731445 0.0761364 0.732422 0.0772727 0.733398 0.0772727 0.734375 0.0784091 0.737305 0.0784091 0.738281 0.0795455 0.740234 0.0795455 0.741211 0.0806818 0.744141 0.0806818 0.745117 0.0818182 0.74707 0.0818182 0.748047 0.0829545 0.749023 0.0829545 0.75 0.0840909 0.768555 0.0840909 0.769531 0.0852273 0.771484 0.0852273 0.772461 0.0863636 0.774414 0.0863636 0.775391 0.0875 0.776367 0.0875 0.777344 0.0886364 0.779297 0.0886364 0.780273 0.0897727 0.791992 0.0897727 0.792969 0.0886364 0.796875 0.0886364 0.797852 0.0875 0.801758 0.0875 0.802734 0.0863636 0.806641 0.0863636 0.807617 0.0875 0.811523 0.0875 0.8125 0.0886364 0.814453 0.0886364 0.81543 0.0897727 0.817383 0.0897727 0.818359 0.0909091 0.820312 0.0909091 0.821289 0.0920455 0.822266 0.0920455 0.824219 0.0943182 0.825195 0.0943182 0.826172 0.0954545 0.833008 0.0954545 0.833984 0.0965909 0.84082 0.0965909 0.84082 0.0863636 0.837891 0.0863636 0.835938 0.0840909 0.834961 0.0840909 0.830078 0.0784091 0.829102 0.0784091 0.825195 0.0738636 0.824219 0.0738636 0.819336 0.0681818 0.818359 0.0681818 0.816406 0.0659091 0.81543 0.0659091 0.814453 0.0647727 0.813477 0.0647727 0.8125 0.0636364 0.811523 0.0636364 0.810547 0.0625 0.80957 0.0625 0.806641 0.0590909 0.805664 0.0590909 0.803711 0.0568182 0.802734 0.0568182 0.801758 0.0556818 0.800781 0.0556818 0.798828 0.0534091 0.797852 0.0534091 0.794922 0.05 0.793945 0.05 0.792969 0.0488636 0.791992 0.0488636 0.790039 0.0465909 0.789062 0.0465909 0.788086 0.0454545 0.787109 0.0454545 0.785156 0.0431818 0.78418 0.0431818 0.783203 0.0420455 0.78125 0.0420455 0.780273 0.0409091 0.779297 0.0409091 0.77832 0.0397727 0.777344 0.0397727 0.776367 0.0386364 0.775391 0.0386364 0.774414 0.0375 0.772461 0.0375 0.771484 0.0363636 0.770508 0.0363636 0.769531 0.0352273 0.768555 0.0352273 0.767578 0.0340909 0.766602 0.0340909 0.765625 0.0329545 0.764648 0.0329545 0.763672 0.0318182 0.762695 0.0318182 0.760742 0.0295455 0.759766 0.0295455 0.757812 0.0272727 0.756836 0.0272727 0.753906 0.0238636 0.75293 0.0238636 0.74707 0.0170455 0.746094 0.0170455 0.744141 0.0147727 0.744141 0.0136364 0.738281 0.00681818 0.738281 0.00227273
0 0.693359 0.00227273 0.693359 0.0409091 0.696289 0.0409091 0.699219 0.0443182 0.699219 0.0454545 0.700195 0.0465909 0.700195 0.0477273 0.701172 0.0488636 0.701172 0.05 0.703125 0.0522727 0.703125 0.0534091 0.711914 0.0636364 0.712891 0.0636364 0.71582 0.0670455 0.716797 0.0670455 0.71875 0.0693182 0.719727 0.0693182 0.720703 0.0704545 0.72168 0.0704545 0.722656 0.0715909 0.723633 0.0715909 0.724609 0.0727273 0.725586 0.0727273 0.726562 0.0738636 0.727539 0.0738636 0.728516 0.075 0.729492 0.075 0.730469 0.0761364 0.732422 0.0761364 0.733398 0.0772727 0.735352 0.0772727 0.736328 0.0784091 0.738281 0.0784091 0.739258 0.0795455 0.742188 0.0795455 0.743164 0.0806818 0.745117 0.0806818 0.746094 0.0818182 0.748047 0.0818182 0.749023 0.0829545 0.75 0.0829545 0.750977 0.0840909 0.756836 0.0840909 0.757812 0.0829545 0.768555 0.0829545 0.769531 0.0840909 0.770508 0.0840909 0.771484 0.0852273 0.773438 0.0852273 0.774414 0.0863636 0.775391 0.0863636 0.776367 0.0875 0.777344 0.0875 0.77832 0.0886364 0.782227 0.0886364 0.783203 0.0897727 0.790039 0.0897727 0.791016 0.0886364 0.795898 0.0886364 0.796875 0.0875 0.799805 0.0875 0.800781 0.0863636 0.810547 0.0863636 0.811523 0.0875 0.813477 0.0875 0.814453 0.0886364 0.81543 0.0886364 0.816406 0.0897727 0.818359 0.0897727 0.819336 0.0909091 0.820312 0.0909091 0.822266 0.0931818 0.822266 0.0965909 0.836914 0.0965909 0.836914 0.0829545 0.833984 0.0829545 0.830078 0.0784091 0.829102 0.0784091 0.826172 0.075 0.825195 0.075 0.820312 0.0693182 0.819336 0.0693182 0.817383 0.0670455 0.816406 0.0670455 0.81543 0.0659091 0.814453 0.0659091 0.8125 0.0636364 0.811523 0.0636364 0.810547 0.0625 0.80957 0.0625 0.807617 0.0602273 0.806641 0.0602273 0.804688 0.0579545 0.803711 0.0579545 0.802734 0.0568182 0.801758 0.0568182 0.799805 0.0545455 0.798828 0.0545455 0.795898 0.0511364 0.794922 0.0511364 0.792969 0.0488636 0.791992 0.0488636 0.790039 0.0465909 0.789062 0.0465909 0.788086 0.0454545 0.787109 0.0454545 0.785156 0.0431818 0.78418 0.0431818 0.783203 0.0420455 0.782227 0.0420455 0.78125 0.0409091 0.779297 0.0409091 0.77832 0.0397727 0.777344 0.0397727 0.776367 0.0386364 0.775391 0.0386364 0.774414 0.0375 0.773438 0.0375 0.772461 0.0363636 0.770508 0.0363636 0.769531 0.0352273 0.768555 0.0352273 0.767578 0.0340909 0.766602 0.0340909 0.765625 0.0329545 0.764648 0.0329545 0.763672 0.0318182 0.762695 0.0318182 0.760742 0.0295455 0.759766 0.0295455 0.757812 0.0272727 0.756836 0.0272727 0.749023 0.0181818 0.748047 0.0181818 0.745117 0.0147727 0.745117 0.0136364 0.739258 0.00681818 0.739258 0.00227273
0 0.638672 0.838636 0.638672 0.859091 0.644531 0.859091 0.645508 0.860227 0.649414 0.860227 0.650391 0.861364 0.652344 0.861364 0.65332 0.8625 0.65625 0.8625 0.657227 0.863636 0.65918 0.863636 0.660156 0.864773 0.662109 0.864773 0.664062 0.867045 0.666016 0.867045 0.666992 0.868182 0.668945 0.868182 0.669922 0.869318 0.670898 0.869318 0.671875 0.870455 0.671875 0.873864 0.68457 0.873864 0.68457 0.870455 0.686523 0.868182 0.6875 0.868182 0.688477 0.867045 0.689453 0.867045 0.691406 0.864773 0.692383 0.864773 0.693359 0.863636 0.695312 0.863636 0.696289 0.8625 0.698242 0.8625 0.699219 0.861364 0.701172 0.861364 0.702148 0.860227 0.703125 0.860227 0.704102 0.859091 0.705078 0.859091 0.707031 0.861364 0.707031 0.8625 0.708008 0.863636 0.711914 0.863636 0.711914 0.859091 0.708984 0.859091 0.708008 0.857955 0.707031 0.857955 0.706055 0.856818 0.707031 0.855682 0.707031 0.853409 0.708008 0.852273 0.708008 0.848864 0.708984 0.847727 0.711914 0.847727 0.708984 0.847727 0.708008 0.846591 0.708008 0.845455 0.707031 0.844318 0.707031 0.843182 0.706055 0.842045 0.706055 0.838636
1 0.486328 0.00227273 0.486328 0.0159091 0.490234 0.0159091 0.491211 0.0170455 0.492188 0.0170455 0.493164 0.0181818 0.494141 0.0181818 0.495117 0.0193182 0.498047 0.0193182 0.499023 0.0204545 0.5 0.0204545 0.500977 0.0215909 0.501953 0.0215909 0.503906 0.0238636 0.504883 0.0238636 0.505859 0.025 0.506836 0.025 0.508789 0.0272727 0.509766 0.0272727 0.510742 0.0284091 0.511719 0.0284091 0.512695 0.0295455 0.513672 0.0295455 0.514648 0.0306818 0.515625 0.0306818 0.516602 0.0318182 0.517578 0.0318182 0.519531 0.0340909 0.520508 0.0340909 0.522461 0.0363636 0.523438 0.0363636 0.525391 0.0386364 0.526367 0.0386364 0.530273 0.0431818 0.53125 0.0431818 0.536133 0.0488636 0.536133 0.05 0.537109 0.0511364 0.538086 0.0511364 0.541992 0.0556818 0.542969 0.0556818 0.543945 0.0568182 0.544922 0.0568182 0.546875 0.0590909 0.547852 0.0590909 0.549805 0.0613636 0.550781 0.0613636 0.551758 0.0625 0.552734 0.0625 0.553711 0.0636364 0.554688 0.0636364 0.555664 0.0647727 0.556641 0.0647727 0.557617 0.0659091 0.557617 0.0693182 0.561523 0.0693182 0.561523 0.0659091 0.5625 0.0647727 0.564453 0.0647727 0.56543 0.0636364 0.573242 0.0636364 0.574219 0.0625 0.576172 0.0625 0.577148 0.0613636 0.578125 0.0613636 0.580078 0.0590909 0.583008 0.0590909 0.583008 0.0454545 0.579102 0.0454545 0.578125 0.0443182 0.578125 0.0431818 0.577148 0.0420455 0.577148 0.0409091 0.576172 0.0397727 0.576172 0.0386364 0.575195 0.0375 0.575195 0.0363636 0.573242 0.0340909 0.573242 0.0329545 0.571289 0.0306818 0.571289 0.0295455 0.566406 0.0238636 0.566406 0.0227273 0.552734 0.00681818 0.552734 0.00227273
0 0.524414 0.320455 0.524414 0.323864 0.518555 0.330682 0.518555 0.331818 0.514648 0.336364 0.514648 0.3375 0.510742 0.342045 0.510742 0.343182 0.505859 0.348864 0.504883 0.348864 0.50293 0.351136 0.498047 0.351136 0.498047 0.369318 0.501953 0.369318 0.503906 0.371591 0.504883 0.371591 0.505859 0.372727 0.507812 0.372727 0.509766 0.375 0.509766 0.378409 0.517578 0.378409 0.517578 0.375 0.519531 0.372727 0.521484 0.372727 0.522461 0.371591 0.523438 0.371591 0.524414 0.370455 0.525391 0.370455 0.526367 0.369318 0.527344 0.369318 0.529297 0.367045 0.530273 0.367045 0.535156 0.361364 0.536133 0.361364 0.537109 0.360227 0.537109 0.359091 0.545898 0.348864 0.545898 0.347727 0.548828 0.344318 0.548828 0.343182 0.549805 0.342045 0.549805 0.339773 0.550781 0.338636 0.550781 0.336364 0.551758 0.335227 0.551758 0.331818 0.550781 0.330682 0.550781 0.328409 0.549805 0.327273 0.549805 0.326136 0.548828 0.325 0.548828 0.320455
1 0.216797 0.0295455 0.216797 0.109091 0.219727 0.109091 0.22168 0.111364 0.22168 0.119318 0.220703 0.120455 0.220703 0.125 0.22168 0.126136 0.22168 0.129545 0.222656 0.130682 0.222656 0.134091 0.224609 0.136364 0.224609 0.1375 0.226562 0.139773 0.226562 0.140909 0.228516 0.143182 0.228516 0.144318 0.229492 0.145455 0.229492 0.146591 0.230469 0.147727 0.230469 0.15 0.231445 0.151136 0.231445 0.155682 0.232422 0.156818 0.232422 0.160227 0.233398 0.161364 0.233398 0.1625 0.235352 0.164773 0.235352 0.165909 0.236328 0.167045 0.236328 0.168182 0.238281 0.170455 0.238281 0.171591 0.240234 0.173864 0.240234 0.175 0.243164 0.178409 0.243164 0.179545 0.246094 0.182955 0.246094 0.184091 0.24707 0.185227 0.24707 0.186364 0.248047 0.1875 0.248047 0.192045 0.274414 0.192045 0.274414 0.184091 0.271484 0.184091 0.270508 0.182955 0.270508 0.178409 0.269531 0.177273 0.269531 0.161364 0.268555 0.160227 0.268555 0.159091 0.266602 0.156818 0.266602 0.152273 0.262695 0.147727 0.262695 0.146591 0.261719 0.145455 0.261719 0.144318 0.260742 0.143182 0.260742 0.140909 0.259766 0.139773 0.259766 0.138636 0.258789 0.1375 0.258789 0.134091 0.257812 0.132955 0.257812 0.131818 0.256836 0.130682 0.256836 0.128409 0.255859 0.127273 0.255859 0.125 0.254883 0.123864 0.254883 0.122727 0.25293 0.120455 0.25293 0.119318 0.251953 0.118182 0.251953 0.117045 0.25 0.114773 0.25 0.113636 0.249023 0.1125 0.249023 0.111364 0.248047 0.110227 0.248047 0.101136 0.249023 0.1 0.249023 0.0772727 0.248047 0.0761364 0.248047 0.0727273 0.24707 0.0715909 0.24707 0.0693182 0.246094 0.0681818 0.246094 0.0659091 0.245117 0.0647727 0.245117 0.0625 0.244141 0.0613636 0.244141 0.0602273 0.243164 0.0590909 0.243164 0.0579545 0.242188 0.0568182 0.242188 0.0556818 0.241211 0.0545455 0.241211 0.0534091 0.240234 0.0522727 0.240234 0.0511364 0.239258 0.05 0.239258 0.0488636 0.238281 0.0477273 0.238281 0.0465909 0.237305 0.0454545 0.237305 0.0443182 0.235352 0.0420455 0.235352 0.0409091 0.234375 0.0397727 0.234375 0.0386364 0.233398 0.0375 0.233398 0.0363636 0.232422 0.0352273 0.232422 0.0295455
1 0.0878906 0.820455 0.0878906 0.847727 0.0917969 0.847727 0.0927734 0.848864 0.0927734 0.85 0.09375 0.851136 0.09375 0.852273 0.0957031 0.854545 0.0957031 0.855682 0.0976562 0.857955 0.0976562 0.859091 0.104492 0.867045 0.105469 0.867045 0.106445 0.868182 0.107422 0.868182 0.109375 0.870455 0.109375 0.873864 0.129883 0.873864 0.129883 0.852273 0.126953 0.852273 0.124023 0.848864 0.124023 0.847727 0.119141 0.842045 0.119141 0.840909 0.117188 0.838636 0.117188 0.8375 0.114258 0.834091 0.114258 0.832955 0.113281 0.831818 0.113281 0.830682 0.112305 0.829545 0.112305 0.828409 0.111328 0.827273 0.111328 0.826136 0.110352 0.825 0.110352 0.820455
1 0.443359 0.475 0.443359 0.493182 0.447266 0.493182 0.452148 0.498864 0.453125 0.498864 0.456055 0.502273 0.457031 0.502273 0.458984 0.504545 0.459961 0.504545 0.460938 0.505682 0.461914 0.505682 0.462891 0.506818 0.463867 0.506818 0.46582 0.509091 0.466797 0.509091 0.46875 0.511364 0.469727 0.511364 0.470703 0.5125 0.47168 0.5125 0.472656 0.513636 0.473633 0.513636 0.476562 0.517045 0.476562 0.518182 0.477539 0.519318 0.477539 0.520455 0.478516 0.521591 0.479492 0.521591 0.480469 0.522727 0.481445 0.522727 0.483398 0.525 0.483398 0.526136 0.486328 0.529545 0.486328 0.530682 0.487305 0.531818 0.487305 0.532955 0.489258 0.535227 0.489258 0.536364 0.492188 0.539773 0.492188 0.540909 0.5 0.55 0.5 0.551136 0.500977 0.552273 0.500977 0.553409 0.504883 0.557955 0.504883 0.559091 0.505859 0.560227 0.508789 0.560227 0.509766 0.561364 0.509766 0.5625 0.508789 0.563636 0.508789 0.564773 0.509766 0.565909 0.509766 0.567045 0.510742 0.568182 0.510742 0.569318 0.511719 0.570455 0.511719 0.572727 0.512695 0.573864 0.512695 0.575 0.513672 0.576136 0.513672 0.578409 0.514648 0.579545 0.514648 0.580682 0.515625 0.581818 0.515625 0.5875 0.52832 0.5875 0.52832 0.575 0.524414 0.575 0.523438 0.573864 0.523438 0.572727 0.521484 0.570455 0.521484 0.568182 0.520508 0.567045 0.520508 0.563636 0.519531 0.5625 0.519531 0.555682 0.520508 0.554545 0.520508 0.55 0.521484 0.548864 0.521484 0.538636 0.519531 0.536364 0.519531 0.535227 0.518555 0.534091 0.518555 0.532955 0.516602 0.530682 0.516602 0.529545 0.511719 0.523864 0.510742 0.523864 0.505859 0.518182 0.504883 0.518182 0.5 0.5125 0.499023 0.5125 0.49707 0.510227 0.49707 0.509091 0.493164 0.504545 0.493164 0.503409 0.490234 0.5 0.490234 0.498864 0.484375 0.492045 0.482422 0.492045 0.481445 0.490909 0.479492 0.490909 0.478516 0.489773 0.477539 0.489773 0.476562 0.488636 0.475586 0.488636 0.474609 0.4875 0.473633 0.4875 0.472656 0.486364 0.47168 0.486364 0.470703 0.485227 0.469727 0.485227 0.46875 0.484091 0.467773 0.484091 0.464844 0.480682 0.463867 0.480682 0.461914 0.478409 0.461914 0.475
1 0.935547 0.547727 0.935547 0.560227 0.938477 0.560227 0.939453 0.561364 0.94043 0.561364 0.943359 0.564773 0.944336 0.564773 0.946289 0.567045 0.947266 0.567045 0.948242 0.568182 0.950195 0.568182 0.951172 0.569318 0.952148 0.569318 0.953125 0.570455 0.955078 0.570455 0.956055 0.571591 0.957031 0.571591 0.958008 0.572727 0.958984 0.572727 0.960938 0.575 0.961914 0.575 0.96582 0.579545 0.966797 0.579545 0.96875 0.581818 0.969727 0.581818 0.97168 0.584091 0.972656 0.584091 0.974609 0.586364 0.975586 0.586364 0.979492 0.590909 0.980469 0.590909 0.983398 0.594318 0.984375 0.594318 0.986328 0.596591 0.991211 0.596591 0.992188 0.597727 0.999023 0.597727 0.999023 0.579545 0.998047 0.579545 0.996094 0.577273 0.995117 0.577273 0.985352 0.565909 0.984375 0.565909 0.982422 0.563636 0.981445 0.563636 0.980469 0.5625 0.979492 0.5625 0.978516 0.561364 0.977539 0.561364 0.975586 0.559091 0.974609 0.559091 0.973633 0.557955 0.972656 0.557955 0.97168 0.556818 0.970703 0.556818 0.969727 0.555682 0.96875 0.555682 0.967773 0.554545 0.96582 0.554545 0.964844 0.553409 0.962891 0.553409 0.960938 0.551136 0.960938 0.547727
0 0.978516 0.643182 0.978516 0.646591 0.977539 0.647727 0.974609 0.647727 0.973633 0.648864 0.967773 0.648864 0.966797 0.65 0.963867 0.65 0.962891 0.651136 0.961914 0.651136 0.960938 0.652273 0.959961 0.652273 0.958984 0.653409 0.957031 0.653409 0.956055 0.654545 0.955078 0.654545 0.954102 0.655682 0.953125 0.655682 0.952148 0.656818 0.951172 0.656818 0.950195 0.657955 0.947266 0.657955 0.946289 0.659091 0.944336 0.659091 0.943359 0.660227 0.941406 0.660227 0.94043 0.661364 0.935547 0.661364 0.935547 0.685227 0.94043 0.685227 0.941406 0.684091 0.942383 0.684091 0.943359 0.682955 0.946289 0.682955 0.947266 0.681818 0.956055 0.681818 0.957031 0.682955 0.959961 0.682955 0.960938 0.684091 0.964844 0.684091 0.96582 0.685227 0.96875 0.685227 0.969727 0.686364 0.983398 0.686364 0.984375 0.685227 0.989258 0.685227 0.990234 0.684091 0.993164 0.684091 0.994141 0.682955 0.99707 0.682955 0.998047 0.681818 0.999023 0.681818 0.999023 0.643182
1 0.523438 0.320455 0.523438 0.325 0.518555 0.330682 0.518555 0.331818 0.514648 0.336364 0.514648 0.3375 0.510742 0.342045 0.510742 0.343182 0.505859 0.348864 0.504883 0.348864 0.503906 0.35 0.50293 0.35 0.501953 0.351136 0.498047 0.351136 0.498047 0.370455 0.50293 0.370455 0.504883 0.372727 0.506836 0.372727 0.507812 0.373864 0.508789 0.373864 0.509766 0.375 0.509766 0.378409 0.517578 0.378409 0.517578 0.375 0.519531 0.372727 0.521484 0.372727 0.522461 0.371591 0.523438 0.371591 0.524414 0.370455 0.525391 0.370455 0.526367 0.369318 0.527344 0.369318 0.52832 0.368182 0.529297 0.368182 0.533203 0.363636 0.53418 0.363636 0.541992 0.354545 0.541992 0.353409 0.546875 0.347727 0.546875 0.346591 0.548828 0.344318 0.551758 0.344318 0.551758 0.320455
1 0.668945 0.511364 0.668945 0.514773 0.664062 0.520455 0.663086 0.520455 0.661133 0.522727 0.660156 0.522727 0.65918 0.523864 0.658203 0.523864 0.657227 0.525 0.654297 0.525 0.65332 0.526136 0.650391 0.526136 0.649414 0.527273 0.638672 0.527273 0.637695 0.528409 0.634766 0.528409 0.633789 0.529545 0.631836 0.529545 0.630859 0.530682 0.629883 0.530682 0.628906 0.531818 0.62793 0.531818 0.626953 0.532955 0.623047 0.532955 0.623047 0.569318 0.663086 0.569318 0.663086 0.565909 0.665039 0.563636 0.666016 0.563636 0.666992 0.5625 0.667969 0.5625 0.668945 0.561364 0.669922 0.561364 0.671875 0.559091 0.672852 0.559091 0.673828 0.557955 0.674805 0.557955 0.682617 0.548864 0.682617 0.547727 0.685547 0.544318 0.685547 0.543182 0.686523 0.542045 0.686523 0.540909 0.688477 0.538636 0.688477 0.5375 0.691406 0.534091 0.691406 0.532955 0.694336 0.529545 0.694336 0.528409 0.697266 0.525 0.700195 0.525 0.700195 0.511364
0 0.174805 0.584091 0.174805 0.5875 0.171875 0.590909 0.171875 0.592045 0.162109 0.603409 0.162109 0.604545 0.15918 0.607955 0.15918 0.609091 0.157227 0.611364 0.157227 0.6125 0.155273 0.614773 0.155273 0.615909 0.15332 0.618182 0.15332 0.619318 0.151367 0.621591 0.151367 0.622727 0.150391 0.623864 0.150391 0.625 0.147461 0.628409 0.147461 0.629545 0.145508 0.631818 0.142578 0.631818 0.142578 0.660227 0.146484 0.660227 0.146484 0.654545 0.149414 0.651136 0.152344 0.651136 0.15332 0.652273 0.157227 0.652273 0.158203 0.653409 0.170898 0.653409 0.171875 0.652273 0.176758 0.652273 0.177734 0.651136 0.178711 0.651136 0.183594 0.645455 0.183594 0.644318 0.186523 0.640909 0.186523 0.639773 0.1875 0.638636 0.1875 0.635227 0.188477 0.634091 0.188477 0.621591 0.189453 0.620455 0.189453 0.614773 0.19043 0.613636 0.19043 0.611364 0.192383 0.609091 0.192383 0.607955 0.197266 0.602273 0.200195 0.602273 0.200195 0.584091
0 0.0683594 0.729545 0.0683594 0.751136 0.0732422 0.751136 0.0742188 0.752273 0.0751953 0.752273 0.0761719 0.753409 0.0771484 0.753409 0.0791016 0.755682 0.0800781 0.755682 0.0810547 0.756818 0.0820312 0.756818 0.0830078 0.757955 0.0849609 0.757955 0.0859375 0.759091 0.0878906 0.759091 0.0888672 0.760227 0.0908203 0.760227 0.0917969 0.761364 0.0957031 0.761364 0.0966797 0.7625 0.102539 0.7625 0.103516 0.763636 0.109375 0.763636 0.110352 0.764773 0.113281 0.764773 0.114258 0.765909 0.119141 0.765909 0.120117 0.767045 0.125 0.767045 0.125977 0.768182 0.128906 0.768182 0.129883 0.769318 0.130859 0.769318 0.131836 0.770455 0.131836 0.773864 0.145508 0.773864 0.145508 0.755682 0.141602 0.755682 0.140625 0.754545 0.140625 0.753409 0.136719 0.748864 0.136719 0.747727 0.12793 0.7375 0.12793 0.736364 0.126953 0.736364 0.125 0.734091 0.125 0.729545
