0 0.219727 0.190104 0.219727 0.19401 0.217773 0.196615 0.216797 0.196615 0.213867 0.200521 0.212891 0.200521 0.209961 0.204427 0.208984 0.204427 0.208008 0.205729 0.207031 0.205729 0.205078 0.208333 0.204102 0.208333 0.202148 0.210938 0.201172 0.210938 0.200195 0.21224 0.199219 0.21224 0.196289 0.216146 0.195312 0.216146 0.193359 0.21875 0.192383 0.21875 0.19043 0.221354 0.189453 0.221354 0.181641 0.231771 0.180664 0.231771 0.176758 0.236979 0.175781 0.236979 0.160156 0.257812 0.160156 0.259115 0.15625 0.264323 0.155273 0.264323 0.154297 0.265625 0.15332 0.265625 0.137695 0.286458 0.134766 0.286458 0.134766 0.320312 0.138672 0.320312 0.141602 0.324219 0.142578 0.324219 0.145508 0.328125 0.146484 0.328125 0.147461 0.329427 0.149414 0.329427 0.151367 0.332031 0.152344 0.332031 0.15332 0.333333 0.155273 0.333333 0.15625 0.334635 0.160156 0.334635 0.161133 0.335938 0.165039 0.335938 0.166016 0.33724 0.168945 0.33724 0.169922 0.338542 0.171875 0.338542 0.172852 0.339844 0.173828 0.339844 0.175781 0.342448 0.176758 0.342448 0.177734 0.34375 0.181641 0.34375 0.182617 0.345052 0.185547 0.345052 0.186523 0.34375 0.188477 0.34375 0.189453 0.342448 0.191406 0.342448 0.192383 0.341146 0.193359 0.341146 0.194336 0.339844 0.195312 0.339844 0.196289 0.338542 0.197266 0.338542 0.198242 0.33724 0.199219 0.33724 0.201172 0.334635 0.202148 0.334635 0.203125 0.333333 0.204102 0.333333 0.205078 0.332031 0.206055 0.332031 0.207031 0.330729 0.208008 0.330729 0.208984 0.329427 0.209961 0.329427 0.210938 0.328125 0.211914 0.328125 0.212891 0.326823 0.213867 0.326823 0.21582 0.324219 0.216797 0.324219 0.219727 0.320312 0.220703 0.320312 0.223633 0.316406 0.224609 0.316406 0.228516 0.311198 0.229492 0.311198 0.232422 0.307292 0.233398 0.307292 0.235352 0.304688 0.236328 0.304688 0.239258 0.300781 0.240234 0.300781 0.243164 0.296875 0.244141 0.296875 0.248047 0.291667 0.249023 0.291667 0.260742 0.276042 0.260742 0.27474 0.262695 0.272135 0.262695 0.270833 0.263672 0.269531 0.263672 0.268229 0.264648 0.266927 0.264648 0.265625 0.265625 0.264323 0.265625 0.263021 0.266602 0.261719 0.266602 0.259115 0.267578 0.257812 0.267578 0.25651 0.268555 0.255208 0.268555 0.252604 0.269531 0.251302 0.269531 0.25 0.271484 0.247396 0.271484 0.246094 0.273438 0.24349 0.273438 0.242188 0.274414 0.240885 0.27832 0.240885 0.27832 0.209635 0.274414 0.209635 0.272461 0.207031 0.272461 0.205729 0.270508 0.203125 0.269531 0.203125 0.264648 0.196615 0.263672 0.196615 0.262695 0.195312 0.262695 0.190104
1 0.552734 0.434896 0.552734 0.466146 0.555664 0.466146 0.566406 0.480469 0.566406 0.481771 0.569336 0.485677 0.569336 0.486979 0.572266 0.490885 0.572266 0.492188 0.574219 0.494792 0.574219 0.496094 0.576172 0.498698 0.576172 0.5 0.577148 0.501302 0.577148 0.502604 0.578125 0.503906 0.578125 0.505208 0.580078 0.507812 0.580078 0.509115 0.582031 0.511719 0.582031 0.513021 0.583984 0.515625 0.583984 0.516927 0.584961 0.518229 0.584961 0.519531 0.586914 0.522135 0.586914 0.523438 0.587891 0.52474 0.587891 0.526042 0.588867 0.527344 0.588867 0.529948 0.589844 0.53125 0.589844 0.533854 0.59082 0.535156 0.59082 0.53776 0.591797 0.539062 0.591797 0.541667 0.592773 0.542969 0.592773 0.545573 0.59375 0.546875 0.59375 0.549479 0.594727 0.550781 0.594727 0.552083 0.595703 0.553385 0.595703 0.55599 0.59668 0.557292 0.59668 0.558594 0.597656 0.559896 0.597656 0.5625 0.598633 0.563802 0.598633 0.566406 0.599609 0.567708 0.599609 0.56901 0.600586 0.570312 0.600586 0.571615 0.601562 0.572917 0.601562 0.574219 0.602539 0.575521 0.602539 0.576823 0.603516 0.578125 0.603516 0.579427 0.604492 0.580729 0.604492 0.582031 0.605469 0.583333 0.605469 0.584635 0.606445 0.585938 0.606445 0.58724 0.608398 0.589844 0.608398 0.591146 0.610352 0.59375 0.610352 0.595052 0.613281 0.598958 0.613281 0.60026 0.615234 0.602865 0.615234 0.604167 0.617188 0.606771 0.617188 0.608073 0.620117 0.611979 0.620117 0.613281 0.623047 0.617188 0.623047 0.61849 0.626953 0.623698 0.626953 0.625 0.635742 0.636719 0.636719 0.636719 0.637695 0.638021 0.638672 0.638021 0.639648 0.639323 0.640625 0.639323 0.642578 0.641927 0.643555 0.641927 0.644531 0.643229 0.644531 0.647135 0.649414 0.647135 0.649414 0.641927 0.652344 0.638021 0.652344 0.636719 0.654297 0.634115 0.657227 0.634115 0.657227 0.613281 0.654297 0.613281 0.652344 0.610677 0.652344 0.606771 0.651367 0.605469 0.651367 0.604167 0.650391 0.602865 0.650391 0.601562 0.649414 0.60026 0.649414 0.598958 0.648438 0.597656 0.648438 0.596354 0.647461 0.595052 0.647461 0.59375 0.646484 0.592448 0.646484 0.591146 0.645508 0.589844 0.645508 0.588542 0.644531 0.58724 0.644531 0.585938 0.643555 0.584635 0.643555 0.583333 0.642578 0.582031 0.642578 0.580729 0.641602 0.579427 0.641602 0.578125 0.640625 0.576823 0.640625 0.575521 0.639648 0.574219 0.639648 0.572917 0.638672 0.571615 0.638672 0.570312 0.637695 0.56901 0.637695 0.567708 0.636719 0.566406 0.636719 0.565104 0.635742 0.563802 0.635742 0.5625 0.634766 0.561198 0.634766 0.559896 0.633789 0.558594 0.633789 0.557292 0.632812 0.55599 0.632812 0.554688 0.631836 0.553385 0.631836 0.552083 0.630859 0.550781 0.630859 0.549479 0.629883 0.548177 0.629883 0.545573 0.628906 0.544271 0.628906 0.542969 0.62793 0.541667 0.62793 0.540365 0.626953 0.539062 0.626953 0.53776 0.625977 0.536458 0.625977 0.535156 0.625 0.533854 0.625 0.532552 0.624023 0.53125 0.624023 0.529948 0.62207 0.527344 0.62207 0.526042 0.621094 0.52474 0.621094 0.523438 0.620117 0.522135 0.620117 0.520833 0.619141 0.519531 0.619141 0.518229 0.617188 0.515625 0.617188 0.514323 0.614258 0.510417 0.614258 0.509115 0.609375 0.502604 0.609375 0.501302 0.604492 0.494792 0.604492 0.49349 0.591797 0.476562 0.591797 0.47526 0.584961 0.466146 0.584961 0.464844 0.571289 0.446615 0.571289 0.445312 0.568359 0.441406 0.567383 0.441406 0.56543 0.438802 0.56543 0.434896
0 0.740234 0.445312 0.740234 0.449219 0.739258 0.450521 0.739258 0.457031 0.738281 0.458333 0.738281 0.46224 0.737305 0.463542 0.737305 0.466146 0.735352 0.46875 0.732422 0.46875 0.732422 0.513021 0.735352 0.513021 0.737305 0.515625 0.737305 0.516927 0.738281 0.518229 0.738281 0.519531 0.739258 0.520833 0.739258 0.522135 0.740234 0.523438 0.740234 0.52474 0.741211 0.526042 0.741211 0.528646 0.743164 0.53125 0.743164 0.532552 0.744141 0.533854 0.744141 0.535156 0.746094 0.53776 0.746094 0.539062 0.749023 0.542969 0.749023 0.544271 0.751953 0.548177 0.751953 0.549479 0.754883 0.553385 0.754883 0.554688 0.761719 0.563802 0.761719 0.565104 0.766602 0.571615 0.766602 0.572917 0.78125 0.592448 0.78125 0.59375 0.783203 0.596354 0.78418 0.596354 0.791992 0.606771 0.792969 0.606771 0.795898 0.610677 0.796875 0.610677 0.797852 0.611979 0.798828 0.611979 0.799805 0.613281 0.800781 0.613281 0.801758 0.614583 0.802734 0.614583 0.803711 0.615885 0.805664 0.615885 0.806641 0.617188 0.807617 0.617188 0.808594 0.61849 0.810547 0.61849 0.811523 0.619792 0.8125 0.619792 0.814453 0.622396 0.814453 0.626302 0.830078 0.626302 0.830078 0.621094 0.833008 0.617188 0.836914 0.617188 0.836914 0.574219 0.833984 0.574219 0.833008 0.572917 0.833008 0.570312 0.832031 0.56901 0.832031 0.563802 0.831055 0.5625 0.831055 0.558594 0.830078 0.557292 0.830078 0.554688 0.829102 0.553385 0.829102 0.550781 0.828125 0.549479 0.828125 0.546875 0.827148 0.545573 0.827148 0.542969 0.826172 0.541667 0.826172 0.540365 0.825195 0.539062 0.825195 0.536458 0.824219 0.535156 0.824219 0.533854 0.823242 0.532552 0.823242 0.529948 0.822266 0.528646 0.822266 0.526042 0.821289 0.52474 0.821289 0.523438 0.820312 0.522135 0.820312 0.520833 0.819336 0.519531 0.819336 0.518229 0.818359 0.516927 0.818359 0.515625 0.817383 0.514323 0.817383 0.513021 0.816406 0.511719 0.816406 0.510417 0.814453 0.507812 0.814453 0.50651 0.8125 0.503906 0.8125 0.502604 0.808594 0.497396 0.808594 0.496094 0.803711 0.489583 0.803711 0.488281 0.798828 0.481771 0.798828 0.480469 0.795898 0.476562 0.795898 0.47526 0.793945 0.472656 0.793945 0.471354 0.792969 0.470052 0.792969 0.46875 0.791016 0.466146 0.791016 0.464844 0.788086 0.460938 0.788086 0.459635 0.786133 0.457031 0.785156 0.457031 0.783203 0.454427 0.782227 0.454427 0.780273 0.451823 0.779297 0.451823 0.77832 0.450521 0.77832 0.445312
0 0.134766 0.596354 0.134766 0.601562 0.125977 0.613281 0.125 0.613281 0.123047 0.615885 0.12207 0.615885 0.120117 0.61849 0.119141 0.61849 0.115234 0.623698 0.114258 0.623698 0.111328 0.627604 0.110352 0.627604 0.108398 0.630208 0.107422 0.630208 0.106445 0.63151 0.104492 0.63151 0.103516 0.632812 0.102539 0.632812 0.101562 0.634115 0.100586 0.634115 0.0996094 0.635417 0.0976562 0.635417 0.0966797 0.636719 0.0957031 0.636719 0.0947266 0.638021 0.09375 0.638021 0.0917969 0.640625 0.0908203 0.640625 0.0888672 0.643229 0.0888672 0.644531 0.0878906 0.645833 0.0878906 0.647135 0.0859375 0.64974 0.0859375 0.651042 0.0849609 0.652344 0.0849609 0.653646 0.0839844 0.654948 0.0839844 0.65625 0.0830078 0.657552 0.0830078 0.658854 0.0810547 0.661458 0.0810547 0.66276 0.0800781 0.664062 0.0800781 0.665365 0.0791016 0.666667 0.0791016 0.667969 0.078125 0.669271 0.078125 0.671875 0.0771484 0.673177 0.0771484 0.674479 0.0761719 0.675781 0.0761719 0.677083 0.0751953 0.678385 0.0751953 0.68099 0.0742188 0.682292 0.0742188 0.684896 0.0732422 0.686198 0.0732422 0.6875 0.0722656 0.688802 0.0722656 0.690104 0.0712891 0.691406 0.0683594 0.691406 0.0683594 0.78776 0.0722656 0.78776 0.0732422 0.789062 0.0732422 0.790365 0.0751953 0.792969 0.0751953 0.794271 0.0830078 0.804688 0.0830078 0.808594 0.09375 0.808594 0.09375 0.804688 0.0957031 0.802083 0.0966797 0.802083 0.0986328 0.799479 0.0996094 0.799479 0.100586 0.798177 0.101562 0.798177 0.102539 0.796875 0.103516 0.796875 0.104492 0.795573 0.105469 0.795573 0.106445 0.794271 0.107422 0.794271 0.108398 0.792969 0.110352 0.792969 0.113281 0.789062 0.114258 0.789062 0.116211 0.786458 0.117188 0.786458 0.118164 0.785156 0.119141 0.785156 0.121094 0.782552 0.12207 0.782552 0.124023 0.779948 0.125 0.779948 0.126953 0.777344 0.12793 0.777344 0.131836 0.772135 0.132812 0.772135 0.140625 0.761719 0.140625 0.760417 0.145508 0.753906 0.145508 0.752604 0.148438 0.748698 0.148438 0.747396 0.149414 0.746094 0.149414 0.744792 0.151367 0.742188 0.151367 0.740885 0.152344 0.739583 0.152344 0.738281 0.15332 0.736979 0.15332 0.735677 0.154297 0.734375 0.154297 0.733073 0.155273 0.731771 0.155273 0.730469 0.15625 0.729167 0.15625 0.726562 0.157227 0.72526 0.157227 0.723958 0.158203 0.722656 0.158203 0.721354 0.15918 0.720052 0.15918 0.717448 0.160156 0.716146 0.160156 0.714844 0.161133 0.713542 0.161133 0.710938 0.162109 0.709635 0.162109 0.708333 0.163086 0.707031 0.163086 0.704427 0.164062 0.703125 0.164062 0.700521 0.165039 0.699219 0.165039 0.696615 0.166016 0.695312 0.166016 0.692708 0.166992 0.691406 0.166992 0.688802 0.167969 0.6875 0.167969 0.677083 0.168945 0.675781 0.168945 0.673177 0.167969 0.671875 0.167969 0.634115 0.166992 0.632812 0.166992 0.625 0.166016 0.623698 0.166016 0.61849 0.165039 0.617188 0.165039 0.611979 0.164062 0.610677 0.164062 0.609375 0.163086 0.608073 0.163086 0.605469 0.160156 0.601562 0.160156 0.596354
0 0.120117 0.783854 0.120117 0.78776 0.118164 0.790365 0.117188 0.790365 0.116211 0.791667 0.115234 0.791667 0.114258 0.792969 0.113281 0.792969 0.112305 0.794271 0.111328 0.794271 0.110352 0.795573 0.107422 0.795573 0.106445 0.796875 0.104492 0.796875 0.103516 0.798177 0.101562 0.798177 0.100586 0.799479 0.0986328 0.799479 0.0976562 0.800781 0.0947266 0.800781 0.09375 0.802083 0.0898438 0.802083 0.0888672 0.803385 0.0869141 0.803385 0.0859375 0.804688 0.0839844 0.804688 0.0830078 0.80599 0.0820312 0.80599 0.0800781 0.808594 0.0791016 0.808594 0.0771484 0.811198 0.0751953 0.811198 0.0742188 0.8125 0.0732422 0.8125 0.0722656 0.813802 0.0683594 0.813802 0.0683594 0.839844 0.0722656 0.839844 0.0732422 0.841146 0.0742188 0.841146 0.0751953 0.842448 0.0761719 0.842448 0.0771484 0.84375 0.0791016 0.84375 0.0800781 0.845052 0.0810547 0.845052 0.0820312 0.846354 0.0830078 0.846354 0.0839844 0.847656 0.0859375 0.847656 0.0869141 0.848958 0.0878906 0.848958 0.0888672 0.85026 0.0898438 0.85026 0.0908203 0.851562 0.09375 0.851562 0.0947266 0.852865 0.0966797 0.852865 0.0976562 0.854167 0.0996094 0.854167 0.100586 0.855469 0.102539 0.855469 0.103516 0.856771 0.104492 0.856771 0.105469 0.858073 0.107422 0.858073 0.108398 0.859375 0.109375 0.859375 0.110352 0.860677 0.113281 0.860677 0.114258 0.861979 0.117188 0.861979 0.118164 0.863281 0.121094 0.863281 0.12207 0.864583 0.125 0.864583 0.125977 0.865885 0.128906 0.865885 0.129883 0.867188 0.133789 0.867188 0.134766 0.86849 0.142578 0.86849 0.143555 0.869792 0.148438 0.869792 0.149414 0.871094 0.154297 0.871094 0.155273 0.872396 0.160156 0.872396 0.161133 0.873698 0.167969 0.873698 0.168945 0.875 0.177734 0.875 0.178711 0.876302 0.182617 0.876302 0.183594 0.877604 0.183594 0.88151 0.205078 0.88151 0.205078 0.877604 0.206055 0.876302 0.208984 0.876302 0.209961 0.875 0.222656 0.875 0.223633 0.873698 0.228516 0.873698 0.229492 0.872396 0.232422 0.872396 0.233398 0.871094 0.236328 0.871094 0.237305 0.869792 0.239258 0.869792 0.240234 0.86849 0.242188 0.86849 0.243164 0.867188 0.244141 0.867188 0.245117 0.865885 0.24707 0.865885 0.248047 0.864583 0.25 0.864583 0.250977 0.863281 0.25293 0.863281 0.253906 0.861979 0.254883 0.861979 0.255859 0.860677 0.256836 0.860677 0.257812 0.859375 0.258789 0.859375 0.260742 0.856771 0.261719 0.856771 0.262695 0.855469 0.262695 0.854167 0.267578 0.847656 0.270508 0.847656 0.270508 0.841146 0.267578 0.841146 0.266602 0.839844 0.266602 0.838542 0.265625 0.83724 0.265625 0.835938 0.264648 0.834635 0.264648 0.833333 0.261719 0.829427 0.261719 0.828125 0.257812 0.822917 0.256836 0.822917 0.254883 0.820312 0.253906 0.820312 0.251953 0.817708 0.250977 0.817708 0.25 0.816406 0.249023 0.816406 0.248047 0.815104 0.24707 0.815104 0.245117 0.8125 0.244141 0.8125 0.243164 0.811198 0.242188 0.811198 0.241211 0.809896 0.240234 0.809896 0.239258 0.808594 0.238281 0.808594 0.237305 0.807292 0.236328 0.807292 0.235352 0.80599 0.234375 0.80599 0.233398 0.804688 0.232422 0.804688 0.231445 0.803385 0.230469 0.803385 0.229492 0.802083 0.228516 0.802083 0.227539 0.800781 0.226562 0.800781 0.225586 0.799479 0.224609 0.799479 0.223633 0.798177 0.222656 0.798177 0.22168 0.796875 0.220703 0.796875 0.219727 0.795573 0.217773 0.795573 0.216797 0.794271 0.214844 0.794271 0.213867 0.792969 0.212891 0.792969 0.211914 0.791667 0.210938 0.791667 0.209961 0.790365 0.207031 0.790365 0.206055 0.789062 0.204102 0.789062 0.203125 0.78776 0.203125 0.783854
0 0.1875 0.117188 0.1875 0.121094 0.185547 0.123698 0.18457 0.123698 0.181641 0.127604 0.180664 0.127604 0.179688 0.128906 0.178711 0.128906 0.177734 0.130208 0.176758 0.130208 0.175781 0.13151 0.174805 0.13151 0.173828 0.132812 0.171875 0.132812 0.170898 0.134115 0.168945 0.134115 0.167969 0.135417 0.166992 0.135417 0.165039 0.138021 0.164062 0.138021 0.163086 0.139323 0.162109 0.139323 0.160156 0.141927 0.15918 0.141927 0.157227 0.144531 0.15625 0.144531 0.154297 0.147135 0.15332 0.147135 0.151367 0.14974 0.150391 0.14974 0.148438 0.152344 0.147461 0.152344 0.146484 0.153646 0.145508 0.153646 0.144531 0.154948 0.143555 0.154948 0.141602 0.157552 0.140625 0.157552 0.138672 0.160156 0.137695 0.160156 0.135742 0.16276 0.134766 0.16276 0.131836 0.166667 0.130859 0.166667 0.12793 0.170573 0.126953 0.170573 0.125 0.173177 0.124023 0.173177 0.123047 0.174479 0.12207 0.174479 0.118164 0.179688 0.117188 0.179688 0.108398 0.191406 0.107422 0.191406 0.105469 0.19401 0.105469 0.195312 0.0996094 0.203125 0.0996094 0.204427 0.0917969 0.214844 0.0917969 0.216146 0.0878906 0.221354 0.0878906 0.222656 0.0830078 0.229167 0.0830078 0.230469 0.0810547 0.233073 0.0810547 0.234375 0.0791016 0.236979 0.0791016 0.238281 0.0761719 0.242188 0.0761719 0.24349 0.0751953 0.244792 0.0751953 0.246094 0.0742188 0.247396 0.0742188 0.248698 0.0732422 0.25 0.0732422 0.251302 0.0722656 0.252604 0.0722656 0.253906 0.0693359 0.257812 0.0693359 0.259115 0.0664062 0.263021 0.0664062 0.264323 0.0654297 0.265625 0.0654297 0.266927 0.0595703 0.27474 0.0595703 0.276042 0.0576172 0.278646 0.0576172 0.279948 0.0517578 0.28776 0.0488281 0.28776 0.0488281 0.321615 0.0527344 0.321615 0.0556641 0.325521 0.0556641 0.329427 0.0859375 0.329427 0.0859375 0.325521 0.0869141 0.324219 0.0878906 0.324219 0.0888672 0.322917 0.0917969 0.322917 0.0927734 0.321615 0.09375 0.321615 0.0947266 0.320312 0.0957031 0.320312 0.0966797 0.31901 0.0986328 0.31901 0.0996094 0.317708 0.100586 0.317708 0.101562 0.316406 0.102539 0.316406 0.103516 0.315104 0.104492 0.315104 0.105469 0.313802 0.106445 0.313802 0.107422 0.3125 0.108398 0.3125 0.109375 0.311198 0.110352 0.311198 0.111328 0.309896 0.112305 0.309896 0.113281 0.308594 0.114258 0.308594 0.116211 0.30599 0.117188 0.30599 0.119141 0.303385 0.120117 0.303385 0.131836 0.28776 0.131836 0.286458 0.133789 0.283854 0.133789 0.282552 0.135742 0.279948 0.135742 0.278646 0.137695 0.276042 0.137695 0.27474 0.139648 0.272135 0.139648 0.270833 0.142578 0.266927 0.142578 0.265625 0.144531 0.263021 0.144531 0.261719 0.147461 0.257812 0.147461 0.25651 0.154297 0.247396 0.155273 0.247396 0.158203 0.24349 0.15918 0.24349 0.163086 0.238281 0.164062 0.238281 0.166016 0.235677 0.166992 0.235677 0.167969 0.234375 0.168945 0.234375 0.170898 0.231771 0.171875 0.231771 0.173828 0.229167 0.174805 0.229167 0.176758 0.226562 0.177734 0.226562 0.181641 0.221354 0.182617 0.221354 0.18457 0.21875 0.185547 0.21875 0.188477 0.214844 0.189453 0.214844 0.193359 0.209635 0.194336 0.209635 0.208008 0.191406 0.208008 0.190104 0.209961 0.1875 0.209961 0.186198 0.211914 0.183594 0.211914 0.182292 0.213867 0.179688 0.213867 0.178385 0.21582 0.175781 0.21582 0.174479 0.217773 0.171875 0.217773 0.170573 0.21875 0.169271 0.21875 0.167969 0.22168 0.164062 0.22168 0.16276 0.222656 0.161458 0.222656 0.160156 0.223633 0.158854 0.223633 0.157552 0.224609 0.15625 0.227539 0.15625 0.227539 0.138021 0.224609 0.138021 0.223633 0.136719 0.223633 0.135417 0.222656 0.134115 0.222656 0.132812 0.22168 0.13151 0.22168 0.128906 0.220703 0.127604 0.220703 0.126302 0.219727 0.125 0.219727 0.122396 0.21875 0.121094 0.21875 0.117188
0 0.662109 0.127604 0.662109 0.19401 0.665039 0.19401 0.666992 0.196615 0.666992 0.197917 0.668945 0.200521 0.668945 0.201823 0.669922 0.203125 0.669922 0.204427 0.670898 0.205729 0.670898 0.207031 0.671875 0.208333 0.671875 0.209635 0.672852 0.210938 0.672852 0.21224 0.673828 0.213542 0.673828 0.216146 0.674805 0.217448 0.674805 0.21875 0.676758 0.221354 0.676758 0.222656 0.677734 0.223958 0.677734 0.22526 0.678711 0.226562 0.678711 0.227865 0.679688 0.229167 0.679688 0.230469 0.681641 0.233073 0.681641 0.234375 0.682617 0.235677 0.682617 0.236979 0.685547 0.240885 0.685547 0.242188 0.686523 0.24349 0.686523 0.244792 0.688477 0.247396 0.688477 0.248698 0.692383 0.253906 0.692383 0.255208 0.708984 0.277344 0.708984 0.278646 0.710938 0.28125 0.710938 0.282552 0.714844 0.28776 0.714844 0.289062 0.71582 0.290365 0.71582 0.291667 0.71875 0.295573 0.71875 0.296875 0.722656 0.302083 0.722656 0.303385 0.730469 0.313802 0.731445 0.313802 0.732422 0.315104 0.734375 0.315104 0.735352 0.316406 0.736328 0.316406 0.737305 0.317708 0.738281 0.317708 0.740234 0.320312 0.741211 0.320312 0.745117 0.325521 0.745117 0.329427 0.750977 0.329427 0.750977 0.325521 0.754883 0.320312 0.755859 0.320312 0.756836 0.31901 0.756836 0.317708 0.759766 0.313802 0.759766 0.309896 0.760742 0.308594 0.760742 0.30599 0.761719 0.304688 0.761719 0.296875 0.762695 0.295573 0.762695 0.289062 0.763672 0.28776 0.766602 0.28776 0.766602 0.283854 0.763672 0.283854 0.762695 0.282552 0.762695 0.279948 0.761719 0.278646 0.761719 0.276042 0.760742 0.27474 0.760742 0.273438 0.759766 0.272135 0.759766 0.270833 0.758789 0.269531 0.758789 0.268229 0.756836 0.265625 0.756836 0.264323 0.754883 0.261719 0.754883 0.260417 0.753906 0.259115 0.753906 0.257812 0.75293 0.25651 0.75293 0.253906 0.751953 0.252604 0.751953 0.251302 0.750977 0.25 0.750977 0.247396 0.75 0.246094 0.75 0.242188 0.749023 0.240885 0.749023 0.231771 0.748047 0.230469 0.748047 0.22526 0.74707 0.223958 0.74707 0.220052 0.746094 0.21875 0.746094 0.217448 0.745117 0.216146 0.745117 0.214844 0.744141 0.213542 0.744141 0.21224 0.743164 0.210938 0.743164 0.209635 0.742188 0.208333 0.742188 0.207031 0.741211 0.205729 0.741211 0.204427 0.740234 0.203125 0.740234 0.201823 0.738281 0.199219 0.738281 0.197917 0.736328 0.195312 0.736328 0.19401 0.735352 0.192708 0.735352 0.191406 0.733398 0.188802 0.733398 0.1875 0.731445 0.184896 0.731445 0.183594 0.729492 0.18099 0.729492 0.179688 0.728516 0.178385 0.728516 0.177083 0.726562 0.174479 0.726562 0.173177 0.724609 0.170573 0.724609 0.169271 0.72168 0.165365 0.72168 0.164062 0.71875 0.160156 0.71875 0.158854 0.713867 0.152344 0.712891 0.152344 0.710938 0.14974 0.709961 0.14974 0.708008 0.147135 0.707031 0.147135 0.706055 0.145833 0.705078 0.145833 0.704102 0.144531 0.703125 0.144531 0.702148 0.143229 0.701172 0.143229 0.699219 0.140625 0.698242 0.140625 0.694336 0.135417 0.693359 0.135417 0.691406 0.132812 0.691406 0.127604
0 0.205078 0.367188 0.205078 0.371094 0.203125 0.373698 0.202148 0.373698 0.201172 0.375 0.200195 0.375 0.199219 0.376302 0.198242 0.376302 0.195312 0.380208 0.194336 0.380208 0.191406 0.384115 0.19043 0.384115 0.188477 0.386719 0.1875 0.386719 0.186523 0.388021 0.185547 0.388021 0.18457 0.389323 0.183594 0.389323 0.182617 0.390625 0.181641 0.390625 0.178711 0.394531 0.177734 0.394531 0.175781 0.397135 0.174805 0.397135 0.168945 0.404948 0.167969 0.404948 0.161133 0.414062 0.160156 0.414062 0.154297 0.421875 0.15332 0.421875 0.142578 0.436198 0.141602 0.436198 0.140625 0.4375 0.140625 0.438802 0.139648 0.440104 0.138672 0.440104 0.133789 0.446615 0.133789 0.447917 0.130859 0.451823 0.130859 0.453125 0.126953 0.458333 0.126953 0.459635 0.120117 0.46875 0.120117 0.470052 0.112305 0.480469 0.112305 0.481771 0.100586 0.497396 0.100586 0.498698 0.0986328 0.501302 0.0986328 0.502604 0.0966797 0.505208 0.0966797 0.50651 0.0947266 0.509115 0.0947266 0.510417 0.09375 0.511719 0.09375 0.513021 0.0927734 0.514323 0.0927734 0.515625 0.0908203 0.518229 0.0908203 0.519531 0.0898438 0.520833 0.0898438 0.522135 0.0888672 0.523438 0.0888672 0.52474 0.0878906 0.526042 0.0878906 0.527344 0.0859375 0.529948 0.0859375 0.53125 0.0849609 0.532552 0.0849609 0.533854 0.0839844 0.535156 0.0839844 0.536458 0.0820312 0.539062 0.0820312 0.540365 0.0810547 0.541667 0.0810547 0.542969 0.0791016 0.545573 0.0761719 0.545573 0.0761719 0.614583 0.0791016 0.614583 0.0810547 0.617188 0.0810547 0.61849 0.0820312 0.619792 0.0820312 0.621094 0.0830078 0.622396 0.0830078 0.625 0.0839844 0.626302 0.0839844 0.628906 0.0849609 0.630208 0.0849609 0.636719 0.102539 0.636719 0.102539 0.63151 0.104492 0.628906 0.105469 0.628906 0.107422 0.626302 0.108398 0.626302 0.113281 0.619792 0.114258 0.619792 0.118164 0.614583 0.119141 0.614583 0.12207 0.610677 0.123047 0.610677 0.124023 0.609375 0.125 0.609375 0.126953 0.606771 0.12793 0.606771 0.129883 0.604167 0.130859 0.604167 0.147461 0.582031 0.147461 0.580729 0.150391 0.576823 0.150391 0.575521 0.155273 0.56901 0.155273 0.567708 0.158203 0.563802 0.158203 0.5625 0.162109 0.557292 0.162109 0.55599 0.166016 0.550781 0.166016 0.549479 0.168945 0.545573 0.168945 0.544271 0.193359 0.511719 0.193359 0.510417 0.197266 0.505208 0.197266 0.503906 0.199219 0.501302 0.199219 0.5 0.204102 0.49349 0.204102 0.492188 0.209961 0.484375 0.209961 0.483073 0.213867 0.477865 0.213867 0.476562 0.22168 0.466146 0.22168 0.464844 0.224609 0.460938 0.224609 0.459635 0.225586 0.458333 0.225586 0.457031 0.228516 0.453125 0.228516 0.451823 0.230469 0.449219 0.230469 0.447917 0.233398 0.44401 0.233398 0.442708 0.234375 0.441406 0.234375 0.440104 0.236328 0.4375 0.236328 0.436198 0.238281 0.433594 0.238281 0.432292 0.240234 0.429688 0.243164 0.429688 0.243164 0.414062 0.240234 0.414062 0.239258 0.41276 0.239258 0.403646 0.240234 0.402344 0.243164 0.402344 0.243164 0.377604 0.240234 0.377604 0.239258 0.376302 0.239258 0.375 0.238281 0.373698 0.238281 0.367188
1 0.744141 0.716146 0.744141 0.747396 0.748047 0.747396 0.749023 0.748698 0.75 0.748698 0.751953 0.751302 0.75293 0.751302 0.753906 0.752604 0.754883 0.752604 0.756836 0.755208 0.757812 0.755208 0.758789 0.75651 0.759766 0.75651 0.760742 0.757812 0.761719 0.757812 0.762695 0.759115 0.763672 0.759115 0.764648 0.760417 0.765625 0.760417 0.766602 0.761719 0.768555 0.761719 0.769531 0.763021 0.770508 0.763021 0.771484 0.764323 0.772461 0.764323 0.773438 0.765625 0.774414 0.765625 0.775391 0.766927 0.777344 0.766927 0.77832 0.768229 0.779297 0.768229 0.780273 0.769531 0.78125 0.769531 0.782227 0.770833 0.783203 0.770833 0.78418 0.772135 0.786133 0.772135 0.787109 0.773438 0.788086 0.773438 0.789062 0.77474 0.790039 0.77474 0.791016 0.776042 0.795898 0.776042 0.796875 0.777344 0.800781 0.777344 0.801758 0.778646 0.803711 0.778646 0.804688 0.779948 0.806641 0.779948 0.807617 0.78125 0.810547 0.78125 0.811523 0.782552 0.8125 0.782552 0.81543 0.786458 0.816406 0.786458 0.820312 0.791667 0.821289 0.791667 0.822266 0.792969 0.825195 0.792969 0.826172 0.794271 0.828125 0.794271 0.829102 0.795573 0.830078 0.795573 0.831055 0.796875 0.832031 0.796875 0.833008 0.798177 0.833984 0.798177 0.835938 0.800781 0.836914 0.800781 0.838867 0.803385 0.839844 0.803385 0.842773 0.807292 0.84375 0.807292 0.849609 0.815104 0.850586 0.815104 0.854492 0.820312 0.855469 0.820312 0.858398 0.824219 0.859375 0.824219 0.866211 0.833333 0.867188 0.833333 0.878906 0.848958 0.878906 0.85026 0.879883 0.851562 0.879883 0.852865 0.881836 0.855469 0.881836 0.856771 0.883789 0.859375 0.883789 0.860677 0.884766 0.861979 0.884766 0.863281 0.885742 0.864583 0.885742 0.865885 0.887695 0.86849 0.887695 0.869792 0.889648 0.872396 0.890625 0.872396 0.894531 0.877604 0.894531 0.878906 0.90625 0.894531 0.90625 0.895833 0.90918 0.89974 0.90918 0.901042 0.910156 0.902344 0.910156 0.903646 0.915039 0.910156 0.915039 0.911458 0.918945 0.916667 0.918945 0.917969 0.923828 0.924479 0.923828 0.925781 0.925781 0.928385 0.925781 0.929688 0.932617 0.938802 0.932617 0.940104 0.941406 0.951823 0.941406 0.953125 0.946289 0.959635 0.946289 0.960938 0.954102 0.971354 0.955078 0.971354 0.956055 0.972656 0.957031 0.972656 0.958008 0.973958 0.960938 0.973958 0.961914 0.97526 0.964844 0.97526 0.96582 0.976562 0.970703 0.976562 0.97168 0.97526 0.972656 0.97526 0.973633 0.973958 0.977539 0.973958 0.977539 0.957031 0.973633 0.957031 0.972656 0.955729 0.972656 0.953125 0.97168 0.951823 0.97168 0.949219 0.967773 0.94401 0.967773 0.942708 0.96582 0.940104 0.96582 0.938802 0.964844 0.9375 0.964844 0.936198 0.961914 0.932292 0.961914 0.93099 0.959961 0.928385 0.959961 0.927083 0.957031 0.923177 0.957031 0.921875 0.955078 0.919271 0.955078 0.917969 0.950195 0.911458 0.950195 0.910156 0.949219 0.908854 0.949219 0.907552 0.947266 0.904948 0.947266 0.903646 0.946289 0.902344 0.946289 0.901042 0.943359 0.897135 0.943359 0.895833 0.942383 0.894531 0.942383 0.893229 0.94043 0.890625 0.94043 0.889323 0.9375 0.885417 0.9375 0.884115 0.933594 0.878906 0.933594 0.877604 0.932617 0.876302 0.932617 0.875 0.930664 0.872396 0.930664 0.871094 0.927734 0.867188 0.927734 0.865885 0.924805 0.861979 0.924805 0.860677 0.920898 0.855469 0.920898 0.854167 0.918945 0.851562 0.918945 0.85026 0.916992 0.847656 0.916992 0.846354 0.915039 0.84375 0.915039 0.842448 0.911133 0.83724 0.911133 0.835938 0.902344 0.824219 0.902344 0.822917 0.878906 0.791667 0.87793 0.791667 0.871094 0.782552 0.870117 0.782552 0.865234 0.776042 0.864258 0.776042 0.859375 0.769531 0.858398 0.769531 0.838867 0.74349 0.837891 0.74349 0.833984 0.738281 0.833008 0.738281 0.831055 0.735677 0.830078 0.735677 0.829102 0.734375 0.828125 0.734375 0.827148 0.733073 0.825195 0.733073 0.824219 0.731771 0.822266 0.731771 0.821289 0.730469 0.819336 0.730469 0.818359 0.729167 0.816406 0.729167 0.81543 0.727865 0.8125 0.727865 0.811523 0.726562 0.807617 0.726562 0.806641 0.72526 0.803711 0.72526 0.802734 0.723958 0.800781 0.723958 0.799805 0.722656 0.796875 0.722656 0.795898 0.721354 0.794922 0.721354 0.793945 0.720052 0.793945 0.716146
0 0.203125 0.0286458 0.203125 0.0325521 0.202148 0.0338542 0.201172 0.0338542 0.200195 0.0351562 0.198242 0.0351562 0.197266 0.0364583 0.195312 0.0364583 0.194336 0.0377604 0.193359 0.0377604 0.192383 0.0390625 0.189453 0.0390625 0.188477 0.0403646 0.186523 0.0403646 0.185547 0.0416667 0.182617 0.0416667 0.181641 0.0429688 0.180664 0.0429688 0.179688 0.0442708 0.177734 0.0442708 0.176758 0.0455729 0.174805 0.0455729 0.173828 0.046875 0.172852 0.046875 0.171875 0.0481771 0.169922 0.0481771 0.168945 0.0494792 0.166016 0.0494792 0.165039 0.0507812 0.163086 0.0507812 0.162109 0.0520833 0.160156 0.0520833 0.15918 0.0533854 0.158203 0.0533854 0.157227 0.0546875 0.155273 0.0546875 0.154297 0.0559896 0.15332 0.0559896 0.152344 0.0572917 0.150391 0.0572917 0.149414 0.0585938 0.148438 0.0585938 0.147461 0.0598958 0.145508 0.0598958 0.144531 0.0611979 0.141602 0.0611979 0.140625 0.0625 0.138672 0.0625 0.137695 0.0638021 0.136719 0.0638021 0.135742 0.0651042 0.133789 0.0651042 0.131836 0.0677083 0.130859 0.0677083 0.128906 0.0703125 0.12793 0.0703125 0.125977 0.0729167 0.125 0.0729167 0.123047 0.0755208 0.12207 0.0755208 0.121094 0.0768229 0.120117 0.0768229 0.118164 0.0794271 0.117188 0.0794271 0.115234 0.0820312 0.114258 0.0820312 0.112305 0.0846354 0.111328 0.0846354 0.109375 0.0872396 0.108398 0.0872396 0.106445 0.0898438 0.105469 0.0898438 0.102539 0.09375 0.101562 0.09375 0.0976562 0.0989583 0.0966797 0.0989583 0.0927734 0.104167 0.0917969 0.104167 0.0839844 0.114583 0.0830078 0.114583 0.078125 0.121094 0.0771484 0.121094 0.0673828 0.134115 0.0664062 0.134115 0.0634766 0.138021 0.0605469 0.138021 0.0605469 0.174479 0.0654297 0.174479 0.0673828 0.177083 0.0693359 0.177083 0.0712891 0.179688 0.0712891 0.183594 0.0820312 0.183594 0.0820312 0.179688 0.0830078 0.178385 0.0839844 0.178385 0.0849609 0.177083 0.0869141 0.177083 0.0878906 0.175781 0.0917969 0.175781 0.0927734 0.174479 0.0976562 0.174479 0.0986328 0.173177 0.101562 0.173177 0.102539 0.171875 0.105469 0.171875 0.106445 0.170573 0.107422 0.170573 0.108398 0.169271 0.110352 0.169271 0.111328 0.167969 0.112305 0.167969 0.113281 0.166667 0.116211 0.166667 0.117188 0.165365 0.119141 0.165365 0.120117 0.164062 0.121094 0.164062 0.12207 0.16276 0.123047 0.16276 0.124023 0.161458 0.125977 0.161458 0.126953 0.160156 0.12793 0.160156 0.128906 0.158854 0.129883 0.158854 0.131836 0.15625 0.132812 0.15625 0.133789 0.154948 0.134766 0.154948 0.135742 0.153646 0.136719 0.153646 0.137695 0.152344 0.140625 0.152344 0.141602 0.151042 0.146484 0.151042 0.147461 0.14974 0.148438 0.14974 0.149414 0.148438 0.150391 0.148438 0.151367 0.147135 0.152344 0.147135 0.15332 0.145833 0.154297 0.145833 0.155273 0.144531 0.15625 0.144531 0.158203 0.141927 0.15918 0.141927 0.160156 0.140625 0.161133 0.140625 0.163086 0.138021 0.164062 0.138021 0.165039 0.136719 0.166016 0.136719 0.166992 0.135417 0.167969 0.135417 0.168945 0.134115 0.169922 0.134115 0.170898 0.132812 0.172852 0.132812 0.173828 0.13151 0.176758 0.13151 0.177734 0.130208 0.178711 0.130208 0.180664 0.127604 0.181641 0.127604 0.182617 0.126302 0.183594 0.126302 0.18457 0.125 0.185547 0.125 0.186523 0.123698 0.1875 0.123698 0.188477 0.122396 0.189453 0.122396 0.19043 0.121094 0.191406 0.121094 0.192383 0.119792 0.193359 0.119792 0.194336 0.11849 0.196289 0.11849 0.197266 0.117188 0.198242 0.117188 0.199219 0.115885 0.201172 0.115885 0.202148 0.114583 0.204102 0.114583 0.205078 0.113281 0.206055 0.113281 0.207031 0.111979 0.208984 0.111979 0.209961 0.110677 0.210938 0.110677 0.211914 0.109375 0.212891 0.109375 0.213867 0.108073 0.214844 0.108073 0.21582 0.106771 0.216797 0.106771 0.217773 0.105469 0.21875 0.105469 0.219727 0.104167 0.220703 0.104167 0.22168 0.102865 0.222656 0.102865 0.223633 0.101562 0.224609 0.101562 0.225586 0.10026 0.226562 0.10026 0.227539 0.0989583 0.228516 0.0989583 0.229492 0.0976562 0.231445 0.0976562 0.232422 0.0963542 0.233398 0.0963542 0.234375 0.0950521 0.236328 0.0950521 0.237305 0.09375 0.239258 0.09375 0.240234 0.0924479 0.241211 0.0924479 0.242188 0.0911458 0.243164 0.0911458 0.244141 0.0898438 0.245117 0.0898438 0.246094 0.0885417 0.24707 0.0885417 0.248047 0.0872396 0.249023 0.0872396 0.25 0.0859375 0.250977 0.0859375 0.251953 0.0846354 0.25293 0.0846354 0.253906 0.0833333 0.254883 0.0833333 0.256836 0.0807292 0.257812 0.0807292 0.262695 0.0742188 0.263672 0.0742188 0.267578 0.0690104 0.267578 0.0677083 0.271484 0.0625 0.271484 0.0611979 0.272461 0.0598958 0.272461 0.0585938 0.273438 0.0572917 0.273438 0.0559896 0.275391 0.0533854 0.27832 0.0533854 0.27832 0.0442708 0.275391 0.0442708 0.266602 0.0325521 0.266602 0.0286458
0 0.883789 0.585938 0.883789 0.591146 0.881836 0.59375 0.881836 0.595052 0.879883 0.597656 0.879883 0.598958 0.878906 0.60026 0.878906 0.601562 0.87793 0.602865 0.87793 0.604167 0.875977 0.606771 0.873047 0.606771 0.873047 0.720052 0.875977 0.720052 0.876953 0.721354 0.876953 0.722656 0.87793 0.723958 0.87793 0.727865 0.878906 0.729167 0.878906 0.731771 0.879883 0.733073 0.879883 0.736979 0.880859 0.738281 0.880859 0.742188 0.881836 0.74349 0.881836 0.748698 0.882812 0.75 0.882812 0.755208 0.883789 0.75651 0.883789 0.760417 0.884766 0.761719 0.884766 0.763021 0.885742 0.764323 0.885742 0.765625 0.886719 0.766927 0.886719 0.768229 0.887695 0.769531 0.887695 0.770833 0.888672 0.772135 0.888672 0.773438 0.889648 0.77474 0.889648 0.776042 0.890625 0.777344 0.890625 0.778646 0.891602 0.779948 0.891602 0.78125 0.892578 0.782552 0.892578 0.783854 0.893555 0.785156 0.893555 0.78776 0.894531 0.789062 0.894531 0.790365 0.895508 0.791667 0.895508 0.792969 0.896484 0.794271 0.896484 0.796875 0.897461 0.798177 0.897461 0.799479 0.898438 0.800781 0.898438 0.803385 0.899414 0.804688 0.899414 0.80599 0.900391 0.807292 0.900391 0.808594 0.901367 0.809896 0.901367 0.811198 0.902344 0.8125 0.902344 0.813802 0.905273 0.817708 0.905273 0.81901 0.908203 0.822917 0.908203 0.824219 0.912109 0.829427 0.912109 0.830729 0.913086 0.832031 0.913086 0.833333 0.916016 0.83724 0.916016 0.838542 0.918945 0.842448 0.918945 0.84375 0.920898 0.846354 0.920898 0.847656 0.923828 0.851562 0.923828 0.852865 0.927734 0.858073 0.927734 0.859375 0.930664 0.863281 0.930664 0.864583 0.933594 0.86849 0.933594 0.869792 0.935547 0.872396 0.935547 0.873698 0.9375 0.876302 0.9375 0.877604 0.939453 0.880208 0.939453 0.88151 0.942383 0.885417 0.942383 0.886719 0.944336 0.889323 0.944336 0.890625 0.946289 0.893229 0.946289 0.894531 0.947266 0.895833 0.947266 0.897135 0.949219 0.89974 0.949219 0.901042 0.951172 0.903646 0.951172 0.904948 0.953125 0.907552 0.954102 0.907552 0.955078 0.908854 0.955078 0.91276 0.957031 0.91276 0.957031 0.908854 0.958008 0.907552 0.958984 0.908854 0.958984 0.91276 0.977539 0.91276 0.977539 0.847656 0.974609 0.847656 0.973633 0.846354 0.973633 0.838542 0.974609 0.83724 0.977539 0.83724 0.977539 0.822917 0.974609 0.822917 0.973633 0.821615 0.973633 0.813802 0.972656 0.8125 0.972656 0.794271 0.97168 0.792969 0.97168 0.785156 0.970703 0.783854 0.970703 0.776042 0.969727 0.77474 0.969727 0.766927 0.96875 0.765625 0.96875 0.761719 0.967773 0.760417 0.967773 0.75651 0.966797 0.755208 0.966797 0.752604 0.96582 0.751302 0.96582 0.75 0.964844 0.748698 0.964844 0.746094 0.963867 0.744792 0.963867 0.74349 0.962891 0.742188 0.962891 0.738281 0.961914 0.736979 0.961914 0.734375 0.960938 0.733073 0.960938 0.730469 0.959961 0.729167 0.959961 0.72526 0.958984 0.723958 0.958984 0.721354 0.958008 0.720052 0.958008 0.717448 0.957031 0.716146 0.957031 0.713542 0.956055 0.71224 0.956055 0.709635 0.955078 0.708333 0.955078 0.705729 0.954102 0.704427 0.954102 0.701823 0.953125 0.700521 0.953125 0.697917 0.952148 0.696615 0.952148 0.69401 0.951172 0.692708 0.951172 0.688802 0.950195 0.6875 0.950195 0.684896 0.949219 0.683594 0.949219 0.679688 0.948242 0.678385 0.948242 0.675781 0.947266 0.674479 0.947266 0.671875 0.946289 0.670573 0.946289 0.667969 0.945312 0.666667 0.945312 0.665365 0.944336 0.664062 0.944336 0.66276 0.943359 0.661458 0.943359 0.660156 0.942383 0.658854 0.942383 0.657552 0.941406 0.65625 0.941406 0.654948 0.94043 0.653646 0.94043 0.652344 0.939453 0.651042 0.939453 0.64974 0.938477 0.648438 0.938477 0.647135 0.9375 0.645833 0.9375 0.644531 0.936523 0.643229 0.936523 0.641927 0.935547 0.640625 0.935547 0.639323 0.93457 0.638021 0.93457 0.636719 0.933594 0.635417 0.933594 0.632812 0.932617 0.63151 0.932617 0.630208 0.931641 0.628906 0.931641 0.627604 0.930664 0.626302 0.930664 0.625 0.929688 0.623698 0.929688 0.622396 0.927734 0.619792 0.927734 0.61849 0.925781 0.615885 0.925781 0.614583 0.924805 0.613281 0.924805 0.611979 0.922852 0.609375 0.922852 0.608073 0.920898 0.605469 0.920898 0.604167 0.918945 0.601562 0.918945 0.60026 0.916992 0.597656 0.916992 0.596354 0.914062 0.592448 0.914062 0.591146 0.913086 0.589844 0.913086 0.585938
0 0.495117 0.00260417 0.495117 0.00651042 0.492188 0.0104167 0.491211 0.0104167 0.486328 0.0169271 0.484375 0.0169271 0.483398 0.0182292 0.482422 0.0182292 0.481445 0.0195312 0.479492 0.0195312 0.478516 0.0208333 0.476562 0.0208333 0.475586 0.0221354 0.473633 0.0221354 0.472656 0.0234375 0.469727 0.0234375 0.46875 0.0247396 0.466797 0.0247396 0.46582 0.0260417 0.462891 0.0260417 0.461914 0.0273438 0.460938 0.0273438 0.459961 0.0286458 0.457031 0.0286458 0.456055 0.0299479 0.454102 0.0299479 0.453125 0.03125 0.450195 0.03125 0.449219 0.0325521 0.445312 0.0325521 0.444336 0.0338542 0.439453 0.0338542 0.438477 0.0351562 0.428711 0.0351562 0.427734 0.0364583 0.422852 0.0364583 0.421875 0.0377604 0.416992 0.0377604 0.416016 0.0390625 0.413086 0.0390625 0.412109 0.0403646 0.410156 0.0403646 0.40918 0.0416667 0.408203 0.0416667 0.407227 0.0429688 0.40625 0.0429688 0.405273 0.0442708 0.40332 0.0442708 0.402344 0.0455729 0.401367 0.0455729 0.400391 0.046875 0.398438 0.046875 0.397461 0.0481771 0.396484 0.0481771 0.395508 0.0494792 0.393555 0.0494792 0.392578 0.0507812 0.390625 0.0507812 0.389648 0.0520833 0.387695 0.0520833 0.386719 0.0533854 0.385742 0.0533854 0.379883 0.0611979 0.376953 0.0611979 0.376953 0.10026 0.380859 0.10026 0.382812 0.102865 0.383789 0.102865 0.385742 0.105469 0.386719 0.105469 0.389648 0.109375 0.390625 0.109375 0.392578 0.111979 0.393555 0.111979 0.395508 0.114583 0.396484 0.114583 0.398438 0.117188 0.399414 0.117188 0.404297 0.123698 0.404297 0.125 0.405273 0.126302 0.405273 0.127604 0.40625 0.128906 0.40625 0.130208 0.407227 0.13151 0.407227 0.134115 0.408203 0.135417 0.408203 0.138021 0.414062 0.145833 0.415039 0.145833 0.417969 0.14974 0.418945 0.14974 0.422852 0.154948 0.423828 0.154948 0.426758 0.158854 0.427734 0.158854 0.428711 0.160156 0.429688 0.160156 0.430664 0.161458 0.431641 0.161458 0.432617 0.16276 0.433594 0.16276 0.435547 0.165365 0.4375 0.165365 0.438477 0.166667 0.439453 0.166667 0.44043 0.167969 0.441406 0.167969 0.443359 0.170573 0.443359 0.171875 0.444336 0.171875 0.446289 0.174479 0.446289 0.178385 0.456055 0.178385 0.456055 0.174479 0.457031 0.173177 0.458008 0.173177 0.458984 0.171875 0.464844 0.171875 0.46582 0.170573 0.467773 0.170573 0.46875 0.169271 0.470703 0.169271 0.472656 0.166667 0.473633 0.166667 0.475586 0.164062 0.476562 0.164062 0.477539 0.16276 0.478516 0.16276 0.480469 0.160156 0.481445 0.160156 0.482422 0.158854 0.483398 0.158854 0.484375 0.157552 0.486328 0.157552 0.487305 0.15625 0.488281 0.15625 0.489258 0.154948 0.490234 0.154948 0.491211 0.153646 0.492188 0.153646 0.496094 0.148438 0.496094 0.147135 0.498047 0.144531 0.499023 0.144531 0.505859 0.135417 0.506836 0.135417 0.509766 0.13151 0.509766 0.130208 0.511719 0.127604 0.511719 0.126302 0.514648 0.122396 0.515625 0.122396 0.519531 0.117188 0.520508 0.117188 0.524414 0.111979 0.525391 0.111979 0.525391 0.110677 0.53418 0.0989583 0.535156 0.0989583 0.538086 0.0950521 0.539062 0.0950521 0.541016 0.0924479 0.541992 0.0924479 0.542969 0.0911458 0.543945 0.0911458 0.544922 0.0898438 0.545898 0.0898438 0.546875 0.0885417 0.548828 0.0885417 0.549805 0.0872396 0.551758 0.0872396 0.552734 0.0859375 0.553711 0.0859375 0.554688 0.0846354 0.555664 0.0846354 0.556641 0.0833333 0.557617 0.0833333 0.558594 0.0820312 0.55957 0.0820312 0.5625 0.078125 0.563477 0.078125 0.566406 0.0742188 0.567383 0.0742188 0.577148 0.0611979 0.577148 0.0598958 0.580078 0.0559896 0.580078 0.0546875 0.583984 0.0494792 0.583984 0.0481771 0.587891 0.0429688 0.587891 0.0416667 0.594727 0.0325521 0.598633 0.0325521 0.598633 0.0195312 0.591797 0.0195312 0.59082 0.0182292 0.589844 0.0182292 0.588867 0.0169271 0.587891 0.0169271 0.585938 0.0143229 0.583984 0.0143229 0.582031 0.0117188 0.582031 0.0104167 0.581055 0.00911458 0.581055 0.0078125 0.580078 0.00651042 0.580078 0.00260417
1 0.90918 0.445312 0.90918 0.449219 0.90332 0.457031 0.902344 0.457031 0.901367 0.458333 0.900391 0.458333 0.897461 0.46224 0.896484 0.46224 0.892578 0.467448 0.890625 0.467448 0.889648 0.46875 0.888672 0.46875 0.887695 0.470052 0.886719 0.470052 0.885742 0.471354 0.883789 0.471354 0.881836 0.473958 0.880859 0.473958 0.878906 0.476562 0.87793 0.476562 0.876953 0.477865 0.875977 0.477865 0.875 0.479167 0.874023 0.479167 0.871094 0.483073 0.870117 0.483073 0.867188 0.486979 0.866211 0.486979 0.864258 0.489583 0.863281 0.489583 0.861328 0.492188 0.860352 0.492188 0.856445 0.497396 0.855469 0.497396 0.853516 0.5 0.852539 0.5 0.850586 0.502604 0.849609 0.502604 0.847656 0.505208 0.84668 0.505208 0.844727 0.507812 0.84375 0.507812 0.842773 0.509115 0.841797 0.509115 0.84082 0.510417 0.837891 0.510417 0.837891 0.548177 0.867188 0.548177 0.867188 0.544271 0.869141 0.541667 0.870117 0.541667 0.87207 0.539062 0.874023 0.539062 0.875 0.53776 0.875977 0.53776 0.878906 0.533854 0.879883 0.533854 0.882812 0.529948 0.883789 0.529948 0.884766 0.528646 0.885742 0.528646 0.886719 0.527344 0.887695 0.527344 0.888672 0.526042 0.889648 0.526042 0.890625 0.52474 0.891602 0.52474 0.892578 0.523438 0.893555 0.523438 0.894531 0.522135 0.895508 0.522135 0.899414 0.516927 0.900391 0.516927 0.90332 0.513021 0.904297 0.513021 0.910156 0.505208 0.911133 0.505208 0.915039 0.5 0.916016 0.5 0.927734 0.484375 0.927734 0.483073 0.929688 0.480469 0.929688 0.479167 0.931641 0.476562 0.931641 0.47526 0.932617 0.473958 0.932617 0.472656 0.933594 0.471354 0.933594 0.470052 0.935547 0.467448 0.935547 0.466146 0.936523 0.464844 0.936523 0.458333 0.9375 0.457031 0.9375 0.451823 0.936523 0.450521 0.936523 0.445312
0 0.306641 0.351562 0.306641 0.355469 0.304688 0.358073 0.302734 0.358073 0.300781 0.360677 0.299805 0.360677 0.297852 0.363281 0.296875 0.363281 0.291992 0.369792 0.291016 0.369792 0.288086 0.373698 0.287109 0.373698 0.285156 0.376302 0.28418 0.376302 0.282227 0.378906 0.28125 0.378906 0.280273 0.380208 0.279297 0.380208 0.277344 0.382812 0.276367 0.382812 0.275391 0.384115 0.274414 0.384115 0.273438 0.385417 0.272461 0.385417 0.269531 0.389323 0.268555 0.389323 0.265625 0.393229 0.264648 0.393229 0.260742 0.398438 0.259766 0.398438 0.244141 0.419271 0.244141 0.420573 0.243164 0.421875 0.243164 0.423177 0.242188 0.424479 0.242188 0.425781 0.240234 0.428385 0.240234 0.429688 0.238281 0.432292 0.238281 0.433594 0.237305 0.434896 0.237305 0.436198 0.236328 0.4375 0.236328 0.438802 0.234375 0.441406 0.234375 0.442708 0.232422 0.445312 0.232422 0.446615 0.231445 0.447917 0.231445 0.449219 0.230469 0.450521 0.230469 0.451823 0.228516 0.454427 0.228516 0.455729 0.226562 0.458333 0.226562 0.459635 0.223633 0.463542 0.223633 0.464844 0.22168 0.467448 0.22168 0.46875 0.21582 0.476562 0.21582 0.477865 0.212891 0.481771 0.212891 0.483073 0.208008 0.489583 0.208008 0.490885 0.206055 0.49349 0.206055 0.494792 0.203125 0.498698 0.203125 0.5 0.200195 0.503906 0.200195 0.505208 0.198242 0.507812 0.198242 0.509115 0.194336 0.514323 0.194336 0.515625 0.19043 0.520833 0.19043 0.522135 0.188477 0.52474 0.185547 0.52474 0.185547 0.545573 0.188477 0.545573 0.19043 0.548177 0.19043 0.549479 0.194336 0.554688 0.195312 0.554688 0.197266 0.557292 0.198242 0.557292 0.200195 0.559896 0.200195 0.563802 0.213867 0.563802 0.213867 0.559896 0.21582 0.557292 0.21875 0.557292 0.219727 0.55599 0.222656 0.55599 0.223633 0.554688 0.224609 0.554688 0.225586 0.553385 0.227539 0.553385 0.228516 0.552083 0.229492 0.552083 0.230469 0.550781 0.231445 0.550781 0.233398 0.548177 0.234375 0.548177 0.236328 0.545573 0.237305 0.545573 0.240234 0.541667 0.241211 0.541667 0.245117 0.536458 0.246094 0.536458 0.248047 0.533854 0.249023 0.533854 0.254883 0.526042 0.255859 0.526042 0.263672 0.515625 0.264648 0.515625 0.265625 0.514323 0.266602 0.514323 0.275391 0.502604 0.275391 0.501302 0.277344 0.498698 0.277344 0.497396 0.279297 0.494792 0.279297 0.49349 0.28125 0.490885 0.28125 0.489583 0.283203 0.486979 0.283203 0.485677 0.292969 0.472656 0.293945 0.472656 0.301758 0.46224 0.302734 0.46224 0.304688 0.459635 0.304688 0.458333 0.322266 0.434896 0.322266 0.433594 0.327148 0.427083 0.327148 0.425781 0.330078 0.421875 0.330078 0.420573 0.333984 0.415365 0.333984 0.414062 0.337891 0.408854 0.337891 0.407552 0.341797 0.402344 0.341797 0.401042 0.34375 0.398438 0.34375 0.397135 0.34668 0.393229 0.34668 0.391927 0.350586 0.386719 0.350586 0.385417 0.353516 0.38151 0.356445 0.38151 0.356445 0.351562
1 0.946289 0.434896 0.946289 0.440104 0.944336 0.442708 0.944336 0.44401 0.94043 0.449219 0.94043 0.450521 0.938477 0.453125 0.938477 0.454427 0.9375 0.455729 0.9375 0.457031 0.936523 0.458333 0.936523 0.459635 0.93457 0.46224 0.93457 0.463542 0.933594 0.464844 0.933594 0.466146 0.932617 0.467448 0.932617 0.46875 0.931641 0.470052 0.931641 0.471354 0.930664 0.472656 0.930664 0.47526 0.929688 0.476562 0.929688 0.477865 0.924805 0.484375 0.924805 0.485677 0.917969 0.494792 0.917969 0.496094 0.916016 0.498698 0.915039 0.498698 0.907227 0.509115 0.90625 0.509115 0.904297 0.511719 0.90332 0.511719 0.902344 0.513021 0.901367 0.513021 0.897461 0.518229 0.896484 0.518229 0.893555 0.522135 0.892578 0.522135 0.890625 0.52474 0.889648 0.52474 0.887695 0.527344 0.886719 0.527344 0.885742 0.528646 0.884766 0.528646 0.882812 0.53125 0.881836 0.53125 0.879883 0.533854 0.878906 0.533854 0.876953 0.536458 0.873047 0.536458 0.873047 0.557292 0.882812 0.557292 0.883789 0.55599 0.885742 0.55599 0.886719 0.554688 0.887695 0.554688 0.888672 0.553385 0.890625 0.553385 0.891602 0.552083 0.893555 0.552083 0.894531 0.550781 0.895508 0.550781 0.896484 0.549479 0.897461 0.549479 0.898438 0.548177 0.900391 0.548177 0.901367 0.546875 0.90332 0.546875 0.904297 0.545573 0.905273 0.545573 0.90625 0.544271 0.907227 0.544271 0.908203 0.542969 0.90918 0.542969 0.911133 0.540365 0.912109 0.540365 0.914062 0.53776 0.915039 0.53776 0.916992 0.535156 0.917969 0.535156 0.918945 0.533854 0.919922 0.533854 0.921875 0.53125 0.922852 0.53125 0.932617 0.518229 0.933594 0.518229 0.9375 0.513021 0.938477 0.513021 0.941406 0.509115 0.942383 0.509115 0.945312 0.505208 0.946289 0.505208 0.960938 0.485677 0.960938 0.484375 0.963867 0.480469 0.963867 0.479167 0.96582 0.476562 0.96582 0.47526 0.966797 0.473958 0.966797 0.472656 0.96875 0.470052 0.96875 0.46875 0.970703 0.466146 0.970703 0.464844 0.97168 0.463542 0.97168 0.46224 0.973633 0.459635 0.973633 0.458333 0.975586 0.455729 0.975586 0.454427 0.976562 0.453125 0.976562 0.451823 0.977539 0.450521 0.981445 0.450521 0.981445 0.434896
0 0.582031 0.289062 0.582031 0.294271 0.581055 0.295573 0.580078 0.295573 0.576172 0.300781 0.575195 0.300781 0.573242 0.303385 0.572266 0.303385 0.570312 0.30599 0.569336 0.30599 0.568359 0.307292 0.567383 0.307292 0.56543 0.309896 0.564453 0.309896 0.5625 0.3125 0.561523 0.3125 0.555664 0.320312 0.554688 0.320312 0.553711 0.321615 0.553711 0.322917 0.550781 0.326823 0.549805 0.326823 0.549805 0.328125 0.547852 0.330729 0.546875 0.330729 0.541016 0.338542 0.540039 0.338542 0.536133 0.34375 0.535156 0.34375 0.53125 0.348958 0.530273 0.348958 0.522461 0.359375 0.522461 0.360677 0.520508 0.363281 0.520508 0.364583 0.518555 0.367188 0.518555 0.36849 0.517578 0.369792 0.517578 0.371094 0.515625 0.373698 0.515625 0.375 0.514648 0.376302 0.514648 0.377604 0.513672 0.378906 0.513672 0.380208 0.512695 0.38151 0.512695 0.384115 0.511719 0.385417 0.511719 0.388021 0.510742 0.389323 0.510742 0.402344 0.509766 0.403646 0.509766 0.40625 0.508789 0.407552 0.508789 0.408854 0.506836 0.411458 0.506836 0.41276 0.5 0.421875 0.499023 0.421875 0.49707 0.424479 0.496094 0.424479 0.495117 0.425781 0.494141 0.425781 0.492188 0.428385 0.491211 0.428385 0.490234 0.429688 0.489258 0.429688 0.486328 0.433594 0.485352 0.433594 0.481445 0.438802 0.481445 0.440104 0.480469 0.441406 0.480469 0.442708 0.478516 0.445312 0.478516 0.446615 0.474609 0.451823 0.470703 0.451823 0.470703 0.527344 0.490234 0.527344 0.490234 0.523438 0.491211 0.522135 0.491211 0.520833 0.492188 0.519531 0.492188 0.518229 0.496094 0.513021 0.49707 0.513021 0.5 0.509115 0.500977 0.509115 0.504883 0.503906 0.505859 0.503906 0.507812 0.501302 0.508789 0.501302 0.510742 0.498698 0.510742 0.497396 0.511719 0.496094 0.512695 0.496094 0.513672 0.494792 0.514648 0.494792 0.515625 0.49349 0.516602 0.49349 0.517578 0.492188 0.518555 0.492188 0.519531 0.490885 0.520508 0.490885 0.521484 0.489583 0.522461 0.489583 0.523438 0.488281 0.524414 0.488281 0.525391 0.486979 0.526367 0.486979 0.527344 0.485677 0.529297 0.485677 0.530273 0.484375 0.53125 0.484375 0.532227 0.483073 0.533203 0.483073 0.53418 0.481771 0.535156 0.481771 0.536133 0.480469 0.537109 0.480469 0.537109 0.479167 0.541016 0.473958 0.541016 0.472656 0.542969 0.470052 0.542969 0.46875 0.543945 0.467448 0.543945 0.466146 0.544922 0.464844 0.544922 0.46224 0.545898 0.460938 0.545898 0.457031 0.546875 0.455729 0.546875 0.453125 0.547852 0.451823 0.547852 0.449219 0.548828 0.447917 0.548828 0.446615 0.549805 0.445312 0.549805 0.44401 0.553711 0.438802 0.554688 0.438802 0.555664 0.4375 0.556641 0.4375 0.557617 0.436198 0.55957 0.436198 0.560547 0.434896 0.566406 0.434896 0.567383 0.433594 0.569336 0.433594 0.570312 0.432292 0.571289 0.432292 0.572266 0.43099 0.574219 0.43099 0.575195 0.429688 0.576172 0.429688 0.579102 0.425781 0.580078 0.425781 0.581055 0.424479 0.582031 0.424479 0.585938 0.419271 0.586914 0.419271 0.59082 0.414062 0.591797 0.414062 0.594727 0.410156 0.595703 0.410156 0.597656 0.407552 0.598633 0.407552 0.600586 0.404948 0.601562 0.404948 0.602539 0.403646 0.603516 0.403646 0.607422 0.398438 0.608398 0.398438 0.610352 0.395833 0.611328 0.395833 0.614258 0.391927 0.615234 0.391927 0.617188 0.389323 0.618164 0.389323 0.620117 0.386719 0.621094 0.386719 0.624023 0.382812 0.625 0.382812 0.636719 0.367188 0.636719 0.365885 0.642578 0.358073 0.642578 0.356771 0.644531 0.354167 0.644531 0.352865 0.646484 0.35026 0.649414 0.35026 0.649414 0.33724 0.646484 0.33724 0.645508 0.335938 0.645508 0.334635 0.644531 0.333333 0.644531 0.329427 0.643555 0.328125 0.643555 0.326823 0.642578 0.325521 0.642578 0.324219 0.640625 0.321615 0.640625 0.320312 0.637695 0.316406 0.637695 0.315104 0.630859 0.30599 0.630859 0.304688 0.623047 0.294271 0.623047 0.289062
1 0.779297 0.809896 0.779297 0.84375 0.782227 0.84375 0.78418 0.846354 0.78418 0.847656 0.787109 0.851562 0.787109 0.852865 0.790039 0.856771 0.790039 0.858073 0.791016 0.859375 0.791016 0.860677 0.792969 0.863281 0.792969 0.864583 0.794922 0.867188 0.794922 0.86849 0.799805 0.875 0.799805 0.876302 0.810547 0.890625 0.811523 0.890625 0.818359 0.89974 0.819336 0.89974 0.822266 0.903646 0.822266 0.907552 0.836914 0.907552 0.836914 0.903646 0.839844 0.89974 0.84082 0.89974 0.841797 0.898438 0.842773 0.898438 0.845703 0.894531 0.848633 0.894531 0.848633 0.873698 0.845703 0.873698 0.84375 0.871094 0.84375 0.86849 0.842773 0.867188 0.842773 0.865885 0.841797 0.864583 0.841797 0.863281 0.837891 0.858073 0.837891 0.856771 0.832031 0.848958 0.831055 0.848958 0.817383 0.830729 0.817383 0.829427 0.81543 0.826823 0.814453 0.826823 0.808594 0.81901 0.807617 0.81901 0.805664 0.816406 0.804688 0.816406 0.802734 0.813802 0.802734 0.809896
0 0.279297 0.856771 0.279297 0.861979 0.27832 0.863281 0.27832 0.864583 0.271484 0.873698 0.270508 0.873698 0.265625 0.880208 0.264648 0.880208 0.262695 0.882812 0.259766 0.882812 0.259766 0.917969 0.262695 0.917969 0.264648 0.920573 0.264648 0.921875 0.265625 0.923177 0.265625 0.924479 0.266602 0.925781 0.266602 0.927083 0.270508 0.932292 0.271484 0.932292 0.274414 0.936198 0.276367 0.936198 0.277344 0.9375 0.279297 0.9375 0.280273 0.938802 0.282227 0.938802 0.283203 0.940104 0.285156 0.940104 0.286133 0.941406 0.287109 0.941406 0.288086 0.942708 0.290039 0.942708 0.291992 0.945312 0.291992 0.949219 0.349609 0.949219 0.349609 0.945312 0.351562 0.942708 0.352539 0.942708 0.353516 0.941406 0.355469 0.941406 0.356445 0.940104 0.358398 0.940104 0.359375 0.938802 0.360352 0.938802 0.361328 0.9375 0.364258 0.9375 0.365234 0.936198 0.370117 0.936198 0.371094 0.9375 0.375977 0.9375 0.376953 0.936198 0.383789 0.936198 0.384766 0.934896 0.388672 0.934896 0.389648 0.933594 0.393555 0.933594 0.394531 0.932292 0.396484 0.932292 0.397461 0.93099 0.400391 0.93099 0.401367 0.929688 0.404297 0.929688 0.405273 0.928385 0.408203 0.928385 0.40918 0.927083 0.411133 0.927083 0.412109 0.925781 0.416016 0.925781 0.416992 0.924479 0.420898 0.924479 0.421875 0.923177 0.423828 0.923177 0.424805 0.921875 0.426758 0.921875 0.427734 0.920573 0.428711 0.920573 0.429688 0.919271 0.430664 0.919271 0.431641 0.917969 0.433594 0.917969 0.43457 0.916667 0.435547 0.916667 0.436523 0.915365 0.438477 0.915365 0.439453 0.914062 0.441406 0.914062 0.442383 0.91276 0.443359 0.91276 0.445312 0.910156 0.446289 0.910156 0.447266 0.908854 0.448242 0.908854 0.453125 0.902344 0.453125 0.901042 0.454102 0.89974 0.455078 0.89974 0.456055 0.898438 0.457031 0.898438 0.457031 0.897135 0.456055 0.895833 0.456055 0.894531 0.453125 0.890625 0.453125 0.889323 0.451172 0.886719 0.450195 0.886719 0.448242 0.884115 0.447266 0.884115 0.446289 0.882812 0.445312 0.882812 0.443359 0.880208 0.442383 0.880208 0.44043 0.877604 0.439453 0.877604 0.433594 0.869792 0.433594 0.867188 0.432617 0.865885 0.432617 0.856771 0.371094 0.856771 0.371094 0.860677 0.369141 0.863281 0.366211 0.863281 0.365234 0.864583 0.362305 0.864583 0.361328 0.865885 0.356445 0.865885 0.355469 0.864583 0.351562 0.864583 0.350586 0.863281 0.318359 0.863281 0.317383 0.861979 0.316406 0.861979 0.31543 0.860677 0.31543 0.856771
0 0.392578 0.803385 0.394531 0.803385 0.395508 0.804688 0.399414 0.804688 0.399414 0.783854 0.389648 0.783854 0.389648 0.789062 0.390625 0.790365 0.390625 0.792969 0.391602 0.794271 0.391602 0.796875 0.392578 0.798177 0.392578 0.803385 0.389648 0.811198 0.388672 0.811198 0.386719 0.808594 0.386719 0.807292 0.385742 0.80599 0.383789 0.80599 0.381836 0.803385 0.381836 0.802083 0.380859 0.802083 0.374023 0.792969 0.374023 0.791667 0.373047 0.790365 0.373047 0.783854 0.318359 0.783854 0.318359 0.78776 0.31543 0.791667 0.314453 0.791667 0.311523 0.795573 0.310547 0.795573 0.305664 0.802083 0.304688 0.802083 0.291016 0.820312 0.290039 0.820312 0.289062 0.821615 0.288086 0.821615 0.287109 0.822917 0.286133 0.822917 0.28418 0.825521 0.279297 0.825521 0.279297 0.867188 0.282227 0.867188 0.283203 0.865885 0.289062 0.865885 0.290039 0.867188 0.297852 0.867188 0.298828 0.865885 0.306641 0.865885 0.307617 0.867188 0.313477 0.867188 0.314453 0.86849 0.323242 0.86849 0.324219 0.867188 0.331055 0.867188 0.332031 0.865885 0.336914 0.865885 0.337891 0.864583 0.345703 0.864583 0.34668 0.863281 0.351562 0.863281 0.352539 0.861979 0.354492 0.861979 0.355469 0.860677 0.358398 0.860677 0.359375 0.859375 0.362305 0.859375 0.363281 0.858073 0.365234 0.858073 0.366211 0.856771 0.367188 0.856771 0.368164 0.855469 0.369141 0.855469 0.370117 0.854167 0.371094 0.854167 0.37207 0.852865 0.373047 0.852865 0.374023 0.851562 0.375 0.851562 0.375977 0.85026 0.376953 0.85026 0.37793 0.848958 0.378906 0.848958 0.379883 0.847656 0.380859 0.847656 0.381836 0.846354 0.382812 0.846354 0.383789 0.845052 0.384766 0.845052 0.386719 0.842448 0.387695 0.842448 0.393555 0.834635 0.393555 0.833333 0.394531 0.832031 0.394531 0.830729 0.396484 0.828125 0.399414 0.828125 0.399414 0.822917 0.396484 0.822917 0.394531 0.820312 0.394531 0.81901 0.393555 0.817708 0.393555 0.816406 0.389648 0.811198
1 0.78418 0.388021 0.78418 0.391927 0.782227 0.394531 0.78125 0.394531 0.780273 0.395833 0.779297 0.395833 0.77832 0.397135 0.777344 0.397135 0.776367 0.398438 0.774414 0.398438 0.773438 0.39974 0.771484 0.39974 0.770508 0.401042 0.767578 0.401042 0.767578 0.432292 0.770508 0.432292 0.773438 0.436198 0.774414 0.436198 0.776367 0.438802 0.777344 0.438802 0.77832 0.440104 0.779297 0.440104 0.780273 0.441406 0.78125 0.441406 0.782227 0.442708 0.783203 0.442708 0.78418 0.44401 0.785156 0.44401 0.786133 0.445312 0.787109 0.445312 0.789062 0.447917 0.790039 0.447917 0.791016 0.449219 0.792969 0.449219 0.793945 0.450521 0.796875 0.450521 0.797852 0.451823 0.800781 0.451823 0.801758 0.453125 0.804688 0.453125 0.805664 0.454427 0.808594 0.454427 0.80957 0.455729 0.810547 0.455729 0.811523 0.457031 0.814453 0.457031 0.81543 0.458333 0.817383 0.458333 0.818359 0.459635 0.819336 0.459635 0.821289 0.46224 0.821289 0.463542 0.822266 0.464844 0.823242 0.464844 0.824219 0.466146 0.826172 0.466146 0.827148 0.467448 0.831055 0.467448 0.832031 0.46875 0.834961 0.46875 0.835938 0.470052 0.838867 0.470052 0.839844 0.471354 0.84082 0.471354 0.841797 0.472656 0.84375 0.472656 0.844727 0.473958 0.845703 0.473958 0.84668 0.47526 0.847656 0.47526 0.848633 0.476562 0.848633 0.480469 0.867188 0.480469 0.867188 0.476562 0.868164 0.47526 0.869141 0.47526 0.870117 0.473958 0.871094 0.473958 0.87207 0.472656 0.874023 0.472656 0.875 0.471354 0.876953 0.471354 0.87793 0.470052 0.878906 0.470052 0.879883 0.46875 0.880859 0.46875 0.881836 0.467448 0.883789 0.467448 0.884766 0.466146 0.887695 0.466146 0.888672 0.464844 0.890625 0.464844 0.892578 0.46224 0.893555 0.46224 0.895508 0.459635 0.896484 0.459635 0.899414 0.455729 0.900391 0.455729 0.901367 0.454427 0.90332 0.454427 0.90625 0.450521 0.907227 0.450521 0.908203 0.449219 0.90918 0.449219 0.910156 0.447917 0.911133 0.447917 0.912109 0.446615 0.913086 0.446615 0.914062 0.445312 0.916992 0.445312 0.917969 0.44401 0.920898 0.44401 0.921875 0.442708 0.923828 0.442708 0.924805 0.441406 0.925781 0.441406 0.926758 0.440104 0.927734 0.440104 0.929688 0.4375 0.930664 0.4375 0.93457 0.432292 0.93457 0.43099 0.936523 0.428385 0.936523 0.425781 0.9375 0.424479 0.9375 0.415365 0.936523 0.414062 0.936523 0.41276 0.93457 0.410156 0.93457 0.408854 0.930664 0.403646 0.929688 0.403646 0.927734 0.401042 0.924805 0.401042 0.923828 0.39974 0.919922 0.39974 0.918945 0.401042 0.912109 0.401042 0.911133 0.402344 0.90625 0.402344 0.905273 0.403646 0.900391 0.403646 0.899414 0.404948 0.898438 0.403646 0.894531 0.403646 0.893555 0.404948 0.875977 0.404948 0.875 0.403646 0.869141 0.403646 0.868164 0.402344 0.867188 0.402344 0.866211 0.401042 0.864258 0.401042 0.863281 0.39974 0.861328 0.39974 0.860352 0.398438 0.858398 0.398438 0.857422 0.397135 0.855469 0.397135 0.854492 0.395833 0.853516 0.395833 0.852539 0.394531 0.850586 0.394531 0.848633 0.391927 0.848633 0.388021
0 0.803711 0.0234375 0.803711 0.0273438 0.801758 0.0299479 0.800781 0.0299479 0.796875 0.0351562 0.795898 0.0351562 0.794922 0.0364583 0.792969 0.0364583 0.791016 0.0390625 0.790039 0.0390625 0.789062 0.0403646 0.788086 0.0403646 0.787109 0.0416667 0.785156 0.0416667 0.78418 0.0429688 0.783203 0.0429688 0.782227 0.0442708 0.78125 0.0442708 0.780273 0.0455729 0.779297 0.0455729 0.77832 0.046875 0.776367 0.046875 0.772461 0.0520833 0.771484 0.0520833 0.768555 0.0559896 0.768555 0.0572917 0.764648 0.0625 0.764648 0.0638021 0.762695 0.0664062 0.762695 0.0677083 0.761719 0.0690104 0.761719 0.0703125 0.759766 0.0729167 0.759766 0.0742188 0.758789 0.0755208 0.758789 0.0768229 0.757812 0.078125 0.757812 0.0794271 0.756836 0.0807292 0.756836 0.0820312 0.754883 0.0846354 0.754883 0.0872396 0.753906 0.0885417 0.753906 0.0911458 0.75293 0.0924479 0.75293 0.0976562 0.751953 0.0989583 0.751953 0.101562 0.750977 0.102865 0.748047 0.102865 0.748047 0.165365 0.750977 0.165365 0.754883 0.170573 0.754883 0.171875 0.756836 0.174479 0.756836 0.178385 0.804688 0.178385 0.804688 0.174479 0.803711 0.173177 0.802734 0.173177 0.799805 0.169271 0.799805 0.167969 0.801758 0.165365 0.801758 0.164062 0.802734 0.16276 0.802734 0.161458 0.803711 0.160156 0.803711 0.158854 0.80957 0.151042 0.810547 0.151042 0.8125 0.148438 0.8125 0.147135 0.814453 0.144531 0.81543 0.144531 0.81543 0.143229 0.819336 0.138021 0.819336 0.136719 0.820312 0.135417 0.820312 0.134115 0.821289 0.132812 0.821289 0.13151 0.822266 0.130208 0.822266 0.128906 0.823242 0.127604 0.823242 0.125 0.824219 0.123698 0.824219 0.122396 0.825195 0.121094 0.825195 0.119792 0.827148 0.117188 0.827148 0.115885 0.828125 0.114583 0.828125 0.113281 0.829102 0.111979 0.829102 0.110677 0.832031 0.106771 0.832031 0.105469 0.837891 0.0976562 0.837891 0.0963542 0.84082 0.0924479 0.84082 0.0911458 0.841797 0.0898438 0.841797 0.0885417 0.842773 0.0872396 0.842773 0.0846354 0.84375 0.0833333 0.84375 0.0820312 0.844727 0.0807292 0.844727 0.0768229 0.845703 0.0755208 0.845703 0.0703125 0.84668 0.0690104 0.84668 0.0638021 0.845703 0.0625 0.845703 0.0598958 0.84668 0.0585938 0.84668 0.0533854 0.847656 0.0520833 0.847656 0.0429688 0.838867 0.03125 0.837891 0.03125 0.834961 0.0273438 0.834961 0.0234375
1 0.279297 0.861979 0.279297 0.865885 0.276367 0.869792 0.275391 0.869792 0.273438 0.872396 0.272461 0.872396 0.267578 0.878906 0.266602 0.878906 0.263672 0.882812 0.259766 0.882812 0.259766 0.919271 0.263672 0.919271 0.264648 0.920573 0.264648 0.921875 0.265625 0.923177 0.265625 0.924479 0.267578 0.927083 0.267578 0.928385 0.269531 0.93099 0.270508 0.93099 0.272461 0.933594 0.273438 0.933594 0.275391 0.936198 0.27832 0.936198 0.279297 0.9375 0.282227 0.9375 0.283203 0.938802 0.285156 0.938802 0.286133 0.940104 0.288086 0.940104 0.289062 0.941406 0.291992 0.941406 0.292969 0.942708 0.294922 0.942708 0.295898 0.94401 0.298828 0.94401 0.300781 0.946615 0.301758 0.946615 0.302734 0.947917 0.304688 0.947917 0.305664 0.949219 0.306641 0.949219 0.307617 0.950521 0.307617 0.954427 0.327148 0.954427 0.327148 0.950521 0.328125 0.949219 0.337891 0.949219 0.338867 0.947917 0.342773 0.947917 0.34375 0.946615 0.345703 0.946615 0.34668 0.945312 0.347656 0.945312 0.348633 0.94401 0.349609 0.94401 0.350586 0.942708 0.352539 0.942708 0.353516 0.941406 0.354492 0.941406 0.355469 0.940104 0.357422 0.940104 0.358398 0.938802 0.360352 0.938802 0.361328 0.9375 0.364258 0.9375 0.365234 0.936198 0.380859 0.936198 0.381836 0.934896 0.386719 0.934896 0.387695 0.933594 0.391602 0.933594 0.392578 0.932292 0.395508 0.932292 0.396484 0.93099 0.399414 0.93099 0.400391 0.929688 0.404297 0.929688 0.405273 0.928385 0.407227 0.928385 0.408203 0.927083 0.410156 0.927083 0.411133 0.925781 0.415039 0.925781 0.416016 0.924479 0.419922 0.924479 0.420898 0.923177 0.422852 0.923177 0.423828 0.921875 0.425781 0.921875 0.426758 0.920573 0.427734 0.920573 0.428711 0.919271 0.429688 0.919271 0.430664 0.917969 0.431641 0.917969 0.432617 0.916667 0.433594 0.916667 0.43457 0.915365 0.436523 0.915365 0.4375 0.914062 0.439453 0.914062 0.441406 0.911458 0.442383 0.911458 0.443359 0.910156 0.444336 0.910156 0.445312 0.908854 0.446289 0.908854 0.452148 0.901042 0.452148 0.89974 0.453125 0.898438 0.453125 0.893229 0.451172 0.890625 0.451172 0.889323 0.448242 0.885417 0.447266 0.885417 0.446289 0.884115 0.445312 0.884115 0.443359 0.88151 0.442383 0.88151 0.44043 0.878906 0.439453 0.878906 0.436523 0.875 0.435547 0.875 0.432617 0.871094 0.432617 0.869792 0.430664 0.867188 0.430664 0.861979 0.363281 0.861979 0.363281 0.865885 0.361328 0.86849 0.353516 0.86849 0.352539 0.867188 0.348633 0.867188 0.347656 0.865885 0.347656 0.861979
1 0.202148 0.0286458 0.202148 0.0325521 0.201172 0.0338542 0.200195 0.0338542 0.199219 0.0351562 0.197266 0.0351562 0.196289 0.0364583 0.194336 0.0364583 0.193359 0.0377604 0.192383 0.0377604 0.191406 0.0390625 0.189453 0.0390625 0.188477 0.0403646 0.185547 0.0403646 0.18457 0.0416667 0.182617 0.0416667 0.181641 0.0429688 0.179688 0.0429688 0.178711 0.0442708 0.177734 0.0442708 0.176758 0.0455729 0.174805 0.0455729 0.173828 0.046875 0.171875 0.046875 0.170898 0.0481771 0.168945 0.0481771 0.167969 0.0494792 0.165039 0.0494792 0.164062 0.0507812 0.162109 0.0507812 0.161133 0.0520833 0.15918 0.0520833 0.158203 0.0533854 0.157227 0.0533854 0.15625 0.0546875 0.155273 0.0546875 0.154297 0.0559896 0.152344 0.0559896 0.151367 0.0572917 0.150391 0.0572917 0.149414 0.0585938 0.147461 0.0585938 0.146484 0.0598958 0.144531 0.0598958 0.143555 0.0611979 0.140625 0.0611979 0.139648 0.0625 0.137695 0.0625 0.136719 0.0638021 0.135742 0.0638021 0.134766 0.0651042 0.133789 0.0651042 0.132812 0.0664062 0.131836 0.0664062 0.129883 0.0690104 0.128906 0.0690104 0.126953 0.0716146 0.125977 0.0716146 0.125 0.0729167 0.124023 0.0729167 0.12207 0.0755208 0.121094 0.0755208 0.119141 0.078125 0.118164 0.078125 0.116211 0.0807292 0.115234 0.0807292 0.113281 0.0833333 0.112305 0.0833333 0.110352 0.0859375 0.109375 0.0859375 0.107422 0.0885417 0.106445 0.0885417 0.103516 0.0924479 0.102539 0.0924479 0.0986328 0.0976562 0.0976562 0.0976562 0.09375 0.102865 0.0927734 0.102865 0.0859375 0.111979 0.0849609 0.111979 0.078125 0.121094 0.0771484 0.121094 0.0673828 0.134115 0.0664062 0.134115 0.0634766 0.138021 0.0605469 0.138021 0.0605469 0.173177 0.0644531 0.173177 0.0654297 0.174479 0.0664062 0.174479 0.0673828 0.175781 0.0683594 0.175781 0.0693359 0.177083 0.0712891 0.177083 0.0732422 0.179688 0.0732422 0.183594 0.0800781 0.183594 0.0800781 0.179688 0.0810547 0.178385 0.0820312 0.178385 0.0830078 0.177083 0.0849609 0.177083 0.0859375 0.175781 0.0888672 0.175781 0.0898438 0.174479 0.09375 0.174479 0.0947266 0.173177 0.100586 0.173177 0.101562 0.171875 0.104492 0.171875 0.105469 0.170573 0.107422 0.170573 0.108398 0.169271 0.109375 0.169271 0.110352 0.167969 0.111328 0.167969 0.112305 0.166667 0.115234 0.166667 0.116211 0.165365 0.118164 0.165365 0.119141 0.164062 0.121094 0.164062 0.12207 0.16276 0.124023 0.16276 0.125 0.161458 0.125977 0.161458 0.126953 0.160156 0.12793 0.160156 0.128906 0.158854 0.129883 0.158854 0.130859 0.157552 0.131836 0.157552 0.132812 0.15625 0.133789 0.15625 0.134766 0.154948 0.135742 0.154948 0.136719 0.153646 0.137695 0.153646 0.138672 0.152344 0.146484 0.152344 0.147461 0.151042 0.149414 0.151042 0.150391 0.14974 0.151367 0.14974 0.152344 0.148438 0.154297 0.148438 0.155273 0.147135 0.15625 0.147135 0.158203 0.144531 0.15918 0.144531 0.161133 0.141927 0.162109 0.141927 0.165039 0.138021 0.166016 0.138021 0.166992 0.136719 0.167969 0.136719 0.168945 0.135417 0.170898 0.135417 0.171875 0.134115 0.173828 0.134115 0.174805 0.132812 0.177734 0.132812 0.178711 0.13151 0.179688 0.13151 0.181641 0.128906 0.182617 0.128906 0.185547 0.125 0.186523 0.125 0.1875 0.123698 0.189453 0.123698 0.19043 0.122396 0.191406 0.122396 0.192383 0.121094 0.193359 0.121094 0.194336 0.119792 0.195312 0.119792 0.196289 0.11849 0.197266 0.11849 0.198242 0.117188 0.199219 0.117188 0.200195 0.115885 0.202148 0.115885 0.203125 0.114583 0.204102 0.114583 0.205078 0.113281 0.207031 0.113281 0.208008 0.111979 0.208984 0.111979 0.209961 0.110677 0.210938 0.110677 0.211914 0.109375 0.212891 0.109375 0.213867 0.108073 0.214844 0.108073 0.21582 0.106771 0.216797 0.106771 0.217773 0.105469 0.21875 0.105469 0.219727 0.104167 0.220703 0.104167 0.22168 0.102865 0.223633 0.102865 0.224609 0.101562 0.225586 0.101562 0.226562 0.10026 0.227539 0.10026 0.228516 0.0989583 0.229492 0.0989583 0.230469 0.0976562 0.231445 0.0976562 0.232422 0.0963542 0.234375 0.0963542 0.235352 0.0950521 0.237305 0.0950521 0.238281 0.09375 0.239258 0.09375 0.240234 0.0924479 0.242188 0.0924479 0.243164 0.0911458 0.244141 0.0911458 0.245117 0.0898438 0.246094 0.0898438 0.24707 0.0885417 0.248047 0.0885417 0.249023 0.0872396 0.25 0.0872396 0.250977 0.0859375 0.251953 0.0859375 0.25293 0.0846354 0.253906 0.0846354 0.255859 0.0820312 0.256836 0.0820312 0.259766 0.078125 0.260742 0.078125 0.270508 0.0651042 0.270508 0.0638021 0.272461 0.0611979 0.272461 0.0598958 0.273438 0.0585938 0.273438 0.0572917 0.275391 0.0546875 0.27832 0.0546875 0.27832 0.0429688 0.275391 0.0429688 0.267578 0.0325521 0.267578 0.0286458
1 0.31543 0.346354 0.31543 0.351562 0.314453 0.352865 0.3125 0.352865 0.311523 0.354167 0.30957 0.354167 0.308594 0.355469 0.307617 0.355469 0.306641 0.356771 0.304688 0.356771 0.303711 0.358073 0.302734 0.358073 0.301758 0.359375 0.300781 0.359375 0.298828 0.361979 0.297852 0.361979 0.292969 0.36849 0.291992 0.36849 0.288086 0.373698 0.287109 0.373698 0.286133 0.375 0.285156 0.375 0.283203 0.377604 0.282227 0.377604 0.280273 0.380208 0.279297 0.380208 0.27832 0.38151 0.277344 0.38151 0.275391 0.384115 0.274414 0.384115 0.273438 0.385417 0.272461 0.385417 0.270508 0.388021 0.269531 0.388021 0.265625 0.393229 0.264648 0.393229 0.260742 0.398438 0.259766 0.398438 0.244141 0.419271 0.244141 0.420573 0.243164 0.421875 0.243164 0.423177 0.241211 0.425781 0.241211 0.427083 0.239258 0.429688 0.239258 0.43099 0.238281 0.432292 0.238281 0.433594 0.237305 0.434896 0.237305 0.436198 0.235352 0.438802 0.235352 0.440104 0.233398 0.442708 0.233398 0.44401 0.232422 0.445312 0.232422 0.446615 0.230469 0.449219 0.230469 0.450521 0.229492 0.451823 0.229492 0.453125 0.227539 0.455729 0.227539 0.457031 0.224609 0.460938 0.224609 0.46224 0.222656 0.464844 0.222656 0.466146 0.216797 0.473958 0.216797 0.47526 0.214844 0.477865 0.214844 0.479167 0.209961 0.485677 0.209961 0.486979 0.207031 0.490885 0.207031 0.492188 0.205078 0.494792 0.205078 0.496094 0.200195 0.502604 0.200195 0.503906 0.199219 0.505208 0.199219 0.50651 0.197266 0.509115 0.197266 0.510417 0.191406 0.518229 0.191406 0.519531 0.188477 0.523438 0.185547 0.523438 0.185547 0.546875 0.189453 0.546875 0.19043 0.548177 0.19043 0.549479 0.194336 0.554688 0.195312 0.554688 0.197266 0.557292 0.198242 0.557292 0.200195 0.559896 0.200195 0.563802 0.213867 0.563802 0.213867 0.559896 0.21582 0.557292 0.21875 0.557292 0.219727 0.55599 0.22168 0.55599 0.222656 0.554688 0.224609 0.554688 0.225586 0.553385 0.226562 0.553385 0.227539 0.552083 0.228516 0.552083 0.229492 0.550781 0.230469 0.550781 0.231445 0.549479 0.232422 0.549479 0.233398 0.548177 0.234375 0.548177 0.236328 0.545573 0.237305 0.545573 0.241211 0.540365 0.242188 0.540365 0.245117 0.536458 0.246094 0.536458 0.249023 0.532552 0.25 0.532552 0.254883 0.526042 0.255859 0.526042 0.263672 0.515625 0.264648 0.515625 0.265625 0.514323 0.266602 0.514323 0.275391 0.502604 0.275391 0.501302 0.277344 0.498698 0.277344 0.497396 0.279297 0.494792 0.279297 0.49349 0.28125 0.490885 0.28125 0.489583 0.28418 0.485677 0.28418 0.484375 0.291992 0.473958 0.292969 0.473958 0.297852 0.467448 0.298828 0.467448 0.307617 0.455729 0.307617 0.454427 0.313477 0.446615 0.314453 0.446615 0.31543 0.445312 0.31543 0.44401 0.323242 0.433594 0.323242 0.432292 0.327148 0.427083 0.327148 0.425781 0.331055 0.420573 0.331055 0.419271 0.334961 0.414062 0.334961 0.41276 0.337891 0.408854 0.337891 0.407552 0.341797 0.402344 0.341797 0.401042 0.34375 0.398438 0.34375 0.397135 0.34668 0.393229 0.34668 0.391927 0.350586 0.386719 0.350586 0.385417 0.353516 0.38151 0.356445 0.38151 0.356445 0.346354
1 0.974609 0.450521 0.974609 0.454427 0.973633 0.455729 0.973633 0.457031 0.970703 0.460938 0.970703 0.46224 0.969727 0.463542 0.969727 0.464844 0.96875 0.466146 0.96875 0.467448 0.967773 0.46875 0.967773 0.470052 0.96582 0.472656 0.96582 0.473958 0.964844 0.47526 0.964844 0.476562 0.962891 0.479167 0.962891 0.480469 0.961914 0.481771 0.961914 0.483073 0.959961 0.485677 0.959961 0.486979 0.951172 0.498698 0.951172 0.5 0.948242 0.503906 0.947266 0.503906 0.943359 0.509115 0.942383 0.509115 0.939453 0.513021 0.938477 0.513021 0.9375 0.514323 0.936523 0.514323 0.93457 0.516927 0.933594 0.516927 0.926758 0.526042 0.925781 0.526042 0.921875 0.53125 0.920898 0.53125 0.919922 0.532552 0.918945 0.532552 0.917969 0.533854 0.916992 0.533854 0.916016 0.535156 0.915039 0.535156 0.913086 0.53776 0.912109 0.53776 0.911133 0.539062 0.910156 0.539062 0.907227 0.542969 0.90625 0.542969 0.905273 0.544271 0.904297 0.544271 0.90332 0.545573 0.902344 0.545573 0.901367 0.546875 0.900391 0.546875 0.899414 0.548177 0.898438 0.548177 0.897461 0.549479 0.895508 0.549479 0.894531 0.550781 0.892578 0.550781 0.891602 0.552083 0.890625 0.552083 0.889648 0.553385 0.888672 0.553385 0.887695 0.554688 0.886719 0.554688 0.884766 0.557292 0.883789 0.557292 0.87793 0.565104 0.87793 0.566406 0.875977 0.56901 0.875977 0.570312 0.875 0.571615 0.875 0.572917 0.874023 0.574219 0.874023 0.575521 0.873047 0.576823 0.873047 0.584635 0.895508 0.584635 0.895508 0.580729 0.896484 0.579427 0.897461 0.579427 0.898438 0.578125 0.914062 0.578125 0.915039 0.576823 0.917969 0.576823 0.918945 0.575521 0.920898 0.575521 0.921875 0.574219 0.922852 0.574219 0.923828 0.572917 0.924805 0.572917 0.925781 0.571615 0.926758 0.571615 0.927734 0.570312 0.928711 0.570312 0.929688 0.56901 0.930664 0.56901 0.932617 0.566406 0.933594 0.566406 0.93457 0.565104 0.935547 0.565104 0.9375 0.5625 0.938477 0.5625 0.94043 0.559896 0.941406 0.559896 0.945312 0.554688 0.946289 0.554688 0.948242 0.552083 0.949219 0.552083 0.955078 0.544271 0.956055 0.544271 0.976562 0.516927 0.976562 0.515625 0.979492 0.511719 0.979492 0.507812 0.980469 0.50651 0.980469 0.494792 0.981445 0.49349 0.981445 0.492188 0.987305 0.484375 0.987305 0.483073 0.989258 0.480469 0.990234 0.480469 0.991211 0.479167 0.993164 0.479167 0.994141 0.477865 0.996094 0.477865 0.99707 0.476562 0.999023 0.476562 0.999023 0.450521
1 0.564453 0.919271 0.564453 0.923177 0.561523 0.927083 0.560547 0.927083 0.55957 0.928385 0.558594 0.928385 0.557617 0.929688 0.556641 0.929688 0.555664 0.93099 0.554688 0.93099 0.553711 0.932292 0.552734 0.932292 0.550781 0.934896 0.549805 0.934896 0.548828 0.936198 0.547852 0.936198 0.544922 0.940104 0.543945 0.940104 0.542969 0.941406 0.541992 0.941406 0.540039 0.94401 0.539062 0.94401 0.536133 0.947917 0.535156 0.947917 0.532227 0.951823 0.53125 0.951823 0.527344 0.957031 0.526367 0.957031 0.520508 0.964844 0.520508 0.966146 0.518555 0.96875 0.518555 0.970052 0.514648 0.97526 0.514648 0.976562 0.513672 0.977865 0.509766 0.977865 0.509766 0.998698 0.575195 0.998698 0.575195 0.996094 0.580078 0.989583 0.581055 0.989583 0.583008 0.986979 0.583984 0.986979 0.587891 0.981771 0.588867 0.981771 0.589844 0.980469 0.59082 0.980469 0.595703 0.973958 0.59668 0.973958 0.600586 0.96875 0.601562 0.96875 0.605469 0.963542 0.605469 0.96224 0.606445 0.960938 0.610352 0.960938 0.610352 0.946615 0.607422 0.946615 0.605469 0.94401 0.605469 0.941406 0.603516 0.938802 0.603516 0.9375 0.602539 0.936198 0.602539 0.934896 0.601562 0.933594 0.601562 0.93099 0.600586 0.929688 0.600586 0.928385 0.599609 0.927083 0.599609 0.925781 0.598633 0.924479 0.598633 0.919271
0 0.544922 0.111979 0.544922 0.117188 0.540039 0.123698 0.539062 0.123698 0.538086 0.125 0.538086 0.126302 0.536133 0.128906 0.535156 0.128906 0.535156 0.130208 0.526367 0.141927 0.526367 0.143229 0.520508 0.151042 0.517578 0.151042 0.517578 0.205729 0.520508 0.205729 0.521484 0.207031 0.522461 0.207031 0.52832 0.214844 0.529297 0.214844 0.535156 0.222656 0.536133 0.222656 0.539062 0.226562 0.540039 0.226562 0.542969 0.230469 0.543945 0.230469 0.548828 0.236979 0.548828 0.240885 0.571289 0.240885 0.571289 0.235677 0.573242 0.233073 0.573242 0.231771 0.574219 0.230469 0.574219 0.229167 0.575195 0.227865 0.575195 0.22526 0.576172 0.223958 0.577148 0.223958 0.578125 0.222656 0.578125 0.221354 0.579102 0.220052 0.579102 0.21875 0.580078 0.217448 0.580078 0.214844 0.581055 0.213542 0.581055 0.210938 0.582031 0.209635 0.582031 0.208333 0.583984 0.205729 0.583984 0.204427 0.584961 0.203125 0.584961 0.201823 0.585938 0.200521 0.585938 0.199219 0.586914 0.197917 0.586914 0.196615 0.587891 0.195312 0.587891 0.19401 0.588867 0.192708 0.588867 0.191406 0.589844 0.190104 0.589844 0.188802 0.59082 0.1875 0.59082 0.184896 0.591797 0.183594 0.591797 0.182292 0.592773 0.18099 0.592773 0.179688 0.59375 0.178385 0.59375 0.169271 0.594727 0.167969 0.594727 0.160156 0.595703 0.158854 0.598633 0.158854 0.598633 0.125 0.594727 0.125 0.592773 0.122396 0.591797 0.122396 0.589844 0.119792 0.588867 0.119792 0.585938 0.115885 0.585938 0.111979
