0 0.572266 0.330729 0.572266 0.334635 0.567383 0.341146 0.567383 0.342448 0.566406 0.34375 0.566406 0.345052 0.563477 0.348958 0.560547 0.348958 0.560547 0.427083 0.563477 0.427083 0.566406 0.43099 0.566406 0.432292 0.568359 0.434896 0.568359 0.436198 0.573242 0.442708 0.573242 0.44401 0.59082 0.467448 0.591797 0.467448 0.595703 0.472656 0.59668 0.472656 0.598633 0.47526 0.599609 0.47526 0.601562 0.477865 0.602539 0.477865 0.603516 0.479167 0.604492 0.479167 0.605469 0.480469 0.606445 0.480469 0.608398 0.483073 0.609375 0.483073 0.610352 0.484375 0.611328 0.484375 0.612305 0.485677 0.613281 0.485677 0.614258 0.486979 0.616211 0.486979 0.617188 0.488281 0.618164 0.488281 0.619141 0.489583 0.621094 0.489583 0.62207 0.490885 0.623047 0.490885 0.624023 0.492188 0.625 0.492188 0.625977 0.49349 0.62793 0.49349 0.628906 0.494792 0.631836 0.494792 0.632812 0.496094 0.633789 0.496094 0.634766 0.497396 0.635742 0.497396 0.636719 0.498698 0.641602 0.498698 0.642578 0.5 0.647461 0.5 0.648438 0.501302 0.649414 0.501302 0.650391 0.502604 0.650391 0.50651 0.694336 0.50651 0.694336 0.5 0.695312 0.498698 0.695312 0.496094 0.696289 0.494792 0.696289 0.490885 0.697266 0.489583 0.697266 0.486979 0.698242 0.485677 0.698242 0.483073 0.699219 0.481771 0.699219 0.480469 0.700195 0.479167 0.700195 0.477865 0.701172 0.476562 0.701172 0.47526 0.702148 0.473958 0.702148 0.472656 0.703125 0.471354 0.703125 0.470052 0.704102 0.46875 0.704102 0.467448 0.705078 0.466146 0.708008 0.466146 0.708008 0.43099 0.705078 0.43099 0.703125 0.428385 0.703125 0.427083 0.702148 0.425781 0.702148 0.424479 0.701172 0.423177 0.701172 0.421875 0.700195 0.420573 0.700195 0.419271 0.699219 0.417969 0.699219 0.416667 0.698242 0.415365 0.698242 0.414062 0.697266 0.41276 0.697266 0.411458 0.696289 0.410156 0.696289 0.408854 0.694336 0.40625 0.694336 0.404948 0.691406 0.401042 0.691406 0.39974 0.689453 0.397135 0.689453 0.395833 0.6875 0.393229 0.6875 0.391927 0.685547 0.389323 0.685547 0.388021 0.674805 0.373698 0.673828 0.373698 0.669922 0.36849 0.668945 0.36849 0.666016 0.364583 0.665039 0.364583 0.661133 0.359375 0.660156 0.359375 0.65918 0.358073 0.658203 0.358073 0.65625 0.355469 0.655273 0.355469 0.65332 0.352865 0.652344 0.352865 0.651367 0.351562 0.650391 0.351562 0.649414 0.35026 0.648438 0.35026 0.647461 0.348958 0.646484 0.348958 0.644531 0.346354 0.643555 0.346354 0.642578 0.345052 0.641602 0.345052 0.640625 0.34375 0.639648 0.34375 0.638672 0.342448 0.637695 0.342448 0.636719 0.341146 0.635742 0.341146 0.634766 0.339844 0.633789 0.339844 0.632812 0.338542 0.630859 0.338542 0.629883 0.33724 0.628906 0.33724 0.626953 0.334635 0.626953 0.330729
0 0.90332 0.464844 0.904297 0.464844 0.90332 0.464844 0.901367 0.458333 0.902344 0.457031 0.902344 0.455729 0.90332 0.454427 0.905273 0.454427 0.90625 0.453125 0.90918 0.453125 0.911133 0.450521 0.912109 0.450521 0.915039 0.446615 0.916016 0.446615 0.918945 0.442708 0.919922 0.442708 0.920898 0.441406 0.921875 0.441406 0.923828 0.438802 0.924805 0.438802 0.927734 0.434896 0.928711 0.434896 0.930664 0.432292 0.931641 0.432292 0.932617 0.43099 0.933594 0.43099 0.936523 0.427083 0.9375 0.427083 0.951172 0.408854 0.951172 0.407552 0.952148 0.40625 0.952148 0.404948 0.953125 0.403646 0.953125 0.402344 0.955078 0.39974 0.955078 0.398438 0.957031 0.395833 0.957031 0.394531 0.958984 0.391927 0.958984 0.390625 0.959961 0.389323 0.959961 0.386719 0.960938 0.385417 0.960938 0.384115 0.962891 0.38151 0.962891 0.380208 0.963867 0.378906 0.963867 0.377604 0.964844 0.376302 0.964844 0.375 0.966797 0.372396 0.966797 0.371094 0.967773 0.369792 0.967773 0.367188 0.96875 0.365885 0.96875 0.364583 0.969727 0.363281 0.969727 0.361979 0.970703 0.360677 0.970703 0.356771 0.97168 0.355469 0.97168 0.351562 0.972656 0.35026 0.972656 0.348958 0.973633 0.347656 0.973633 0.345052 0.974609 0.34375 0.974609 0.342448 0.975586 0.341146 0.975586 0.339844 0.977539 0.33724 0.977539 0.335938 0.979492 0.333333 0.979492 0.332031 0.982422 0.328125 0.985352 0.328125 0.985352 0.307292 0.982422 0.307292 0.980469 0.304688 0.980469 0.303385 0.979492 0.302083 0.979492 0.300781 0.978516 0.299479 0.978516 0.298177 0.976562 0.295573 0.976562 0.294271 0.97168 0.28776 0.970703 0.28776 0.969727 0.286458 0.96875 0.286458 0.967773 0.285156 0.96582 0.285156 0.964844 0.283854 0.963867 0.283854 0.962891 0.282552 0.960938 0.282552 0.959961 0.28125 0.958008 0.28125 0.956055 0.278646 0.955078 0.278646 0.954102 0.277344 0.953125 0.277344 0.952148 0.276042 0.951172 0.276042 0.950195 0.27474 0.949219 0.27474 0.947266 0.272135 0.947266 0.268229 0.892578 0.268229 0.892578 0.272135 0.887695 0.278646 0.887695 0.279948 0.885742 0.282552 0.885742 0.283854 0.883789 0.286458 0.882812 0.286458 0.880859 0.289062 0.879883 0.289062 0.87793 0.291667 0.876953 0.291667 0.875 0.294271 0.874023 0.294271 0.873047 0.295573 0.87207 0.295573 0.870117 0.298177 0.869141 0.298177 0.866211 0.302083 0.865234 0.302083 0.852539 0.31901 0.851562 0.31901 0.844727 0.328125 0.84375 0.328125 0.842773 0.329427 0.841797 0.329427 0.84082 0.330729 0.839844 0.330729 0.837891 0.333333 0.835938 0.333333 0.834961 0.334635 0.833008 0.334635 0.832031 0.335938 0.829102 0.335938 0.828125 0.33724 0.825195 0.33724 0.824219 0.338542 0.822266 0.338542 0.820312 0.341146 0.819336 0.341146 0.81543 0.346354 0.814453 0.346354 0.802734 0.361979 0.802734 0.363281 0.800781 0.365885 0.800781 0.367188 0.799805 0.36849 0.799805 0.369792 0.798828 0.371094 0.798828 0.372396 0.796875 0.375 0.796875 0.376302 0.794922 0.378906 0.794922 0.380208 0.791992 0.384115 0.791992 0.385417 0.787109 0.391927 0.783203 0.391927 0.783203 0.450521 0.787109 0.450521 0.788086 0.451823 0.789062 0.451823 0.790039 0.453125 0.791016 0.453125 0.794922 0.458333 0.795898 0.458333 0.797852 0.460938 0.798828 0.460938 0.799805 0.46224 0.801758 0.46224 0.802734 0.463542 0.808594 0.463542 0.80957 0.464844 0.811523 0.464844 0.8125 0.466146 0.814453 0.466146 0.81543 0.467448 0.819336 0.467448 0.820312 0.46875 0.831055 0.46875 0.832031 0.470052 0.835938 0.470052 0.836914 0.471354 0.836914 0.47526 0.857422 0.47526 0.857422 0.471354 0.858398 0.470052 0.863281 0.470052 0.864258 0.46875 0.875977 0.46875 0.876953 0.470052 0.880859 0.470052 0.881836 0.46875 0.881836 0.467448 0.883789 0.464844 0.893555 0.464844 0.895508 0.467448 0.895508 0.46875 0.897461 0.466146 0.897461 0.460938 0.899414 0.458333 0.901367 0.458333
0 0.249023 0.466146 0.249023 0.470052 0.240234 0.481771 0.239258 0.481771 0.236328 0.485677 0.235352 0.485677 0.234375 0.486979 0.233398 0.486979 0.230469 0.490885 0.229492 0.490885 0.227539 0.49349 0.224609 0.49349 0.223633 0.494792 0.209961 0.494792 0.208984 0.49349 0.204102 0.49349 0.203125 0.492188 0.170898 0.492188 0.169922 0.490885 0.167969 0.490885 0.166992 0.492188 0.166016 0.492188 0.165039 0.49349 0.164062 0.49349 0.163086 0.494792 0.162109 0.494792 0.161133 0.496094 0.158203 0.496094 0.158203 0.527344 0.161133 0.527344 0.163086 0.529948 0.163086 0.53125 0.164062 0.532552 0.164062 0.533854 0.165039 0.535156 0.165039 0.536458 0.166992 0.539062 0.166992 0.541667 0.167969 0.542969 0.167969 0.544271 0.168945 0.545573 0.168945 0.548177 0.169922 0.549479 0.169922 0.550781 0.170898 0.552083 0.170898 0.553385 0.171875 0.554688 0.171875 0.55599 0.172852 0.557292 0.172852 0.558594 0.174805 0.561198 0.174805 0.5625 0.175781 0.563802 0.175781 0.565104 0.176758 0.566406 0.176758 0.567708 0.180664 0.572917 0.180664 0.574219 0.183594 0.578125 0.183594 0.579427 0.185547 0.582031 0.186523 0.582031 0.1875 0.583333 0.1875 0.584635 0.189453 0.58724 0.19043 0.58724 0.194336 0.592448 0.195312 0.592448 0.198242 0.596354 0.199219 0.596354 0.201172 0.598958 0.202148 0.598958 0.204102 0.601562 0.205078 0.601562 0.207031 0.604167 0.208008 0.604167 0.209961 0.606771 0.210938 0.606771 0.212891 0.609375 0.213867 0.609375 0.216797 0.613281 0.217773 0.613281 0.219727 0.615885 0.220703 0.615885 0.22168 0.617188 0.222656 0.617188 0.223633 0.61849 0.225586 0.61849 0.226562 0.619792 0.227539 0.619792 0.228516 0.621094 0.229492 0.621094 0.230469 0.622396 0.231445 0.622396 0.232422 0.623698 0.233398 0.623698 0.234375 0.625 0.235352 0.625 0.237305 0.627604 0.238281 0.627604 0.239258 0.628906 0.240234 0.628906 0.242188 0.63151 0.243164 0.63151 0.24707 0.636719 0.248047 0.636719 0.249023 0.638021 0.25 0.638021 0.250977 0.639323 0.251953 0.639323 0.25293 0.640625 0.255859 0.640625 0.256836 0.641927 0.259766 0.641927 0.260742 0.643229 0.260742 0.647135 0.268555 0.647135 0.268555 0.643229 0.269531 0.641927 0.272461 0.641927 0.273438 0.640625 0.276367 0.640625 0.277344 0.639323 0.27832 0.639323 0.282227 0.634115 0.283203 0.634115 0.291992 0.622396 0.291992 0.621094 0.293945 0.61849 0.293945 0.617188 0.294922 0.615885 0.294922 0.614583 0.295898 0.613281 0.295898 0.611979 0.296875 0.610677 0.296875 0.609375 0.298828 0.606771 0.301758 0.606771 0.301758 0.579427 0.298828 0.579427 0.296875 0.576823 0.296875 0.572917 0.295898 0.571615 0.295898 0.553385 0.294922 0.552083 0.294922 0.544271 0.293945 0.542969 0.293945 0.540365 0.292969 0.539062 0.292969 0.536458 0.291992 0.535156 0.291992 0.532552 0.291016 0.53125 0.291016 0.528646 0.290039 0.527344 0.290039 0.526042 0.289062 0.52474 0.289062 0.523438 0.287109 0.520833 0.287109 0.519531 0.286133 0.518229 0.286133 0.516927 0.28418 0.514323 0.28418 0.511719 0.283203 0.510417 0.283203 0.509115 0.282227 0.507812 0.282227 0.50651 0.28125 0.505208 0.28125 0.503906 0.280273 0.502604 0.280273 0.5 0.279297 0.498698 0.279297 0.497396 0.27832 0.496094 0.27832 0.494792 0.276367 0.492188 0.276367 0.490885 0.273438 0.486979 0.273438 0.485677 0.269531 0.480469 0.269531 0.479167 0.264648 0.472656 0.264648 0.471354 0.263672 0.470052 0.263672 0.466146
1 0.387695 0.111979 0.387695 0.117188 0.383789 0.122396 0.383789 0.126302 0.382812 0.127604 0.382812 0.130208 0.380859 0.132812 0.380859 0.134115 0.379883 0.135417 0.379883 0.136719 0.37793 0.139323 0.37793 0.140625 0.375977 0.143229 0.375977 0.144531 0.371094 0.151042 0.371094 0.152344 0.369141 0.154948 0.369141 0.15625 0.368164 0.157552 0.368164 0.161458 0.367188 0.16276 0.367188 0.166667 0.366211 0.167969 0.366211 0.169271 0.365234 0.170573 0.365234 0.173177 0.364258 0.174479 0.364258 0.177083 0.363281 0.178385 0.363281 0.179688 0.362305 0.18099 0.362305 0.182292 0.361328 0.183594 0.361328 0.184896 0.360352 0.186198 0.360352 0.188802 0.359375 0.190104 0.359375 0.191406 0.358398 0.192708 0.358398 0.19401 0.356445 0.196615 0.356445 0.197917 0.355469 0.199219 0.355469 0.200521 0.354492 0.201823 0.354492 0.203125 0.353516 0.204427 0.353516 0.205729 0.352539 0.207031 0.352539 0.209635 0.351562 0.210938 0.351562 0.214844 0.350586 0.216146 0.350586 0.21875 0.349609 0.220052 0.349609 0.223958 0.348633 0.22526 0.348633 0.230469 0.347656 0.231771 0.347656 0.238281 0.34668 0.239583 0.34668 0.242188 0.345703 0.24349 0.345703 0.247396 0.344727 0.248698 0.344727 0.25 0.342773 0.252604 0.342773 0.253906 0.341797 0.255208 0.341797 0.25651 0.34082 0.257812 0.34082 0.260417 0.339844 0.261719 0.339844 0.263021 0.338867 0.264323 0.338867 0.265625 0.337891 0.266927 0.337891 0.268229 0.336914 0.269531 0.336914 0.270833 0.335938 0.272135 0.335938 0.273438 0.333008 0.277344 0.333008 0.278646 0.332031 0.279948 0.332031 0.28125 0.330078 0.283854 0.330078 0.285156 0.328125 0.28776 0.328125 0.289062 0.325195 0.292969 0.325195 0.294271 0.319336 0.302083 0.319336 0.303385 0.310547 0.315104 0.310547 0.316406 0.305664 0.322917 0.305664 0.324219 0.300781 0.330729 0.300781 0.332031 0.296875 0.33724 0.296875 0.338542 0.293945 0.342448 0.293945 0.34375 0.291992 0.346354 0.291992 0.347656 0.287109 0.354167 0.283203 0.354167 0.283203 0.376302 0.286133 0.376302 0.287109 0.377604 0.287109 0.38151 0.297852 0.38151 0.297852 0.377604 0.298828 0.376302 0.298828 0.375 0.307617 0.363281 0.307617 0.361979 0.311523 0.356771 0.311523 0.355469 0.314453 0.351562 0.314453 0.35026 0.327148 0.333333 0.327148 0.332031 0.331055 0.326823 0.332031 0.326823 0.336914 0.320312 0.337891 0.320312 0.34375 0.3125 0.344727 0.3125 0.353516 0.300781 0.354492 0.300781 0.364258 0.28776 0.364258 0.286458 0.366211 0.283854 0.366211 0.282552 0.373047 0.273438 0.373047 0.272135 0.379883 0.263021 0.379883 0.261719 0.380859 0.260417 0.380859 0.259115 0.381836 0.257812 0.381836 0.255208 0.382812 0.253906 0.382812 0.252604 0.383789 0.251302 0.383789 0.248698 0.384766 0.247396 0.384766 0.244792 0.385742 0.24349 0.385742 0.242188 0.386719 0.240885 0.386719 0.238281 0.387695 0.236979 0.387695 0.235677 0.388672 0.234375 0.388672 0.230469 0.389648 0.229167 0.389648 0.222656 0.390625 0.221354 0.390625 0.21224 0.391602 0.210938 0.391602 0.207031 0.392578 0.205729 0.392578 0.203125 0.393555 0.201823 0.393555 0.197917 0.394531 0.196615 0.394531 0.19401 0.395508 0.192708 0.395508 0.190104 0.396484 0.188802 0.396484 0.184896 0.397461 0.183594 0.397461 0.18099 0.398438 0.179688 0.398438 0.177083 0.399414 0.175781 0.399414 0.174479 0.400391 0.173177 0.400391 0.170573 0.401367 0.169271 0.401367 0.166667 0.402344 0.165365 0.402344 0.16276 0.40332 0.161458 0.40332 0.160156 0.404297 0.158854 0.404297 0.15625 0.405273 0.154948 0.405273 0.152344 0.40625 0.151042 0.40625 0.14974 0.407227 0.148438 0.411133 0.148438 0.411133 0.111979
1 0.664062 0.776042 0.663086 0.777344 0.661133 0.777344 0.660156 0.778646 0.658203 0.778646 0.657227 0.779948 0.65625 0.779948 0.655273 0.78125 0.654297 0.78125 0.65332 0.782552 0.652344 0.782552 0.650391 0.785156 0.649414 0.785156 0.647461 0.78776 0.646484 0.78776 0.645508 0.789062 0.642578 0.789062 0.642578 0.820312 0.646484 0.820312 0.647461 0.821615 0.648438 0.821615 0.649414 0.822917 0.650391 0.822917 0.651367 0.824219 0.652344 0.824219 0.65332 0.825521 0.65332 0.829427 0.657227 0.829427 0.657227 0.825521 0.65918 0.822917 0.661133 0.822917 0.662109 0.821615 0.663086 0.821615 0.664062 0.820312 0.665039 0.820312 0.666016 0.81901 0.667969 0.81901 0.668945 0.817708 0.670898 0.817708 0.671875 0.816406 0.674805 0.816406 0.675781 0.815104 0.678711 0.815104 0.679688 0.813802 0.682617 0.813802 0.683594 0.8125 0.685547 0.8125 0.686523 0.811198 0.689453 0.811198 0.69043 0.809896 0.692383 0.809896 0.693359 0.808594 0.696289 0.808594 0.697266 0.807292 0.700195 0.807292 0.701172 0.80599 0.704102 0.80599 0.705078 0.804688 0.707031 0.804688 0.708008 0.803385 0.709961 0.803385 0.710938 0.802083 0.712891 0.802083 0.713867 0.800781 0.71582 0.800781 0.716797 0.799479 0.71875 0.799479 0.719727 0.798177 0.720703 0.798177 0.72168 0.796875 0.723633 0.796875 0.724609 0.795573 0.726562 0.795573 0.727539 0.794271 0.729492 0.794271 0.730469 0.792969 0.731445 0.792969 0.732422 0.791667 0.733398 0.791667 0.734375 0.790365 0.736328 0.790365 0.737305 0.789062 0.738281 0.789062 0.739258 0.78776 0.740234 0.78776 0.741211 0.786458 0.743164 0.786458 0.744141 0.785156 0.746094 0.785156 0.74707 0.783854 0.749023 0.783854 0.75 0.782552 0.751953 0.782552 0.75293 0.78125 0.753906 0.78125 0.754883 0.779948 0.755859 0.779948 0.756836 0.778646 0.758789 0.778646 0.759766 0.777344 0.760742 0.777344 0.761719 0.776042 0.762695 0.776042 0.763672 0.77474 0.765625 0.77474 0.766602 0.773438 0.767578 0.773438 0.768555 0.772135 0.769531 0.772135 0.770508 0.770833 0.772461 0.770833 0.773438 0.769531 0.774414 0.769531 0.775391 0.768229 0.776367 0.768229 0.777344 0.766927 0.77832 0.766927 0.779297 0.765625 0.780273 0.765625 0.78125 0.764323 0.782227 0.764323 0.78418 0.761719 0.785156 0.761719 0.789062 0.75651 0.790039 0.75651 0.792969 0.752604 0.793945 0.752604 0.796875 0.748698 0.797852 0.748698 0.799805 0.746094 0.800781 0.746094 0.802734 0.74349 0.803711 0.74349 0.804688 0.742188 0.805664 0.742188 0.806641 0.740885 0.807617 0.740885 0.80957 0.738281 0.810547 0.738281 0.811523 0.736979 0.8125 0.736979 0.813477 0.735677 0.814453 0.735677 0.81543 0.734375 0.816406 0.734375 0.817383 0.733073 0.821289 0.733073 0.821289 0.720052 0.818359 0.720052 0.816406 0.717448 0.816406 0.716146 0.81543 0.714844 0.81543 0.713542 0.814453 0.71224 0.814453 0.710938 0.813477 0.709635 0.8125 0.709635 0.80957 0.705729 0.80957 0.700521 0.780273 0.700521 0.780273 0.704427 0.77832 0.707031 0.776367 0.707031 0.775391 0.708333 0.774414 0.708333 0.773438 0.709635 0.772461 0.709635 0.770508 0.71224 0.768555 0.71224 0.767578 0.713542 0.765625 0.713542 0.764648 0.714844 0.763672 0.714844 0.762695 0.716146 0.760742 0.716146 0.759766 0.717448 0.758789 0.717448 0.757812 0.71875 0.756836 0.71875 0.754883 0.721354 0.753906 0.721354 0.75293 0.722656 0.750977 0.722656 0.75 0.723958 0.748047 0.723958 0.74707 0.72526 0.745117 0.72526 0.744141 0.726562 0.743164 0.726562 0.742188 0.727865 0.741211 0.727865 0.740234 0.729167 0.739258 0.729167 0.737305 0.731771 0.736328 0.731771 0.735352 0.733073 0.734375 0.733073 0.733398 0.734375 0.732422 0.734375 0.731445 0.735677 0.730469 0.735677 0.729492 0.736979 0.727539 0.736979 0.726562 0.738281 0.725586 0.738281 0.724609 0.739583 0.723633 0.739583 0.72168 0.742188 0.720703 0.742188 0.71875 0.744792 0.717773 0.744792 0.714844 0.748698 0.713867 0.748698 0.708984 0.755208 0.708008 0.755208 0.706055 0.757812 0.705078 0.757812 0.703125 0.760417 0.702148 0.760417 0.701172 0.761719 0.700195 0.761719 0.699219 0.763021 0.698242 0.763021 0.697266 0.764323 0.695312 0.764323 0.694336 0.765625 0.693359 0.765625 0.692383 0.766927 0.69043 0.766927 0.689453 0.768229 0.6875 0.768229 0.686523 0.769531 0.683594 0.769531 0.682617 0.770833 0.679688 0.770833 0.678711 0.772135 0.674805 0.772135 0.673828 0.773438 0.671875 0.773438 0.670898 0.77474 0.667969 0.77474 0.666992 0.776042 0.664062 0.776042 0.650391 0.704427 0.650391 0.700521 0.650391 0.704427
1 0.806641 0.736979 0.806641 0.742188 0.805664 0.74349 0.804688 0.74349 0.803711 0.744792 0.802734 0.744792 0.800781 0.747396 0.799805 0.747396 0.796875 0.751302 0.795898 0.751302 0.791992 0.75651 0.791016 0.75651 0.790039 0.757812 0.790039 0.759115 0.78418 0.766927 0.783203 0.766927 0.782227 0.768229 0.782227 0.769531 0.77832 0.77474 0.77832 0.776042 0.777344 0.777344 0.777344 0.778646 0.775391 0.78125 0.775391 0.782552 0.774414 0.783854 0.774414 0.785156 0.772461 0.78776 0.772461 0.789062 0.771484 0.790365 0.771484 0.791667 0.770508 0.792969 0.770508 0.794271 0.769531 0.795573 0.769531 0.796875 0.768555 0.798177 0.768555 0.799479 0.765625 0.803385 0.765625 0.804688 0.762695 0.808594 0.762695 0.809896 0.760742 0.8125 0.760742 0.813802 0.758789 0.816406 0.758789 0.817708 0.757812 0.81901 0.757812 0.820312 0.755859 0.822917 0.755859 0.824219 0.754883 0.825521 0.754883 0.826823 0.753906 0.828125 0.753906 0.829427 0.751953 0.832031 0.751953 0.833333 0.732422 0.859375 0.731445 0.859375 0.729492 0.861979 0.728516 0.861979 0.726562 0.864583 0.725586 0.864583 0.723633 0.867188 0.722656 0.867188 0.720703 0.869792 0.719727 0.869792 0.716797 0.873698 0.71582 0.873698 0.714844 0.875 0.713867 0.875 0.710938 0.878906 0.709961 0.878906 0.706055 0.884115 0.705078 0.884115 0.704102 0.885417 0.703125 0.885417 0.701172 0.888021 0.700195 0.888021 0.692383 0.898438 0.692383 0.89974 0.691406 0.901042 0.691406 0.902344 0.68457 0.911458 0.681641 0.911458 0.681641 0.928385 0.730469 0.928385 0.730469 0.923177 0.733398 0.919271 0.733398 0.917969 0.735352 0.915365 0.735352 0.914062 0.74707 0.898438 0.748047 0.898438 0.749023 0.897135 0.749023 0.895833 0.755859 0.886719 0.755859 0.885417 0.768555 0.86849 0.769531 0.86849 0.770508 0.867188 0.771484 0.867188 0.774414 0.863281 0.775391 0.863281 0.777344 0.860677 0.77832 0.860677 0.779297 0.859375 0.780273 0.859375 0.782227 0.856771 0.783203 0.856771 0.78418 0.855469 0.785156 0.855469 0.790039 0.848958 0.791016 0.848958 0.791992 0.847656 0.791992 0.846354 0.797852 0.838542 0.797852 0.83724 0.800781 0.833333 0.800781 0.832031 0.802734 0.829427 0.802734 0.828125 0.805664 0.824219 0.805664 0.822917 0.80957 0.817708 0.80957 0.816406 0.813477 0.811198 0.813477 0.809896 0.818359 0.803385 0.818359 0.802083 0.821289 0.798177 0.821289 0.796875 0.823242 0.794271 0.823242 0.790365 0.824219 0.789062 0.824219 0.782552 0.825195 0.78125 0.825195 0.779948 0.826172 0.778646 0.829102 0.778646 0.829102 0.747396 0.826172 0.747396 0.823242 0.74349 0.823242 0.736979
1 0.354492 0.158854 0.354492 0.164062 0.353516 0.165365 0.352539 0.165365 0.350586 0.167969 0.349609 0.167969 0.348633 0.169271 0.347656 0.169271 0.34668 0.170573 0.345703 0.170573 0.344727 0.171875 0.34375 0.171875 0.342773 0.173177 0.341797 0.173177 0.339844 0.175781 0.338867 0.175781 0.337891 0.177083 0.336914 0.177083 0.330078 0.186198 0.329102 0.186198 0.325195 0.191406 0.325195 0.192708 0.324219 0.19401 0.324219 0.195312 0.322266 0.197917 0.322266 0.199219 0.321289 0.200521 0.321289 0.201823 0.320312 0.203125 0.320312 0.204427 0.319336 0.205729 0.319336 0.207031 0.318359 0.208333 0.318359 0.210938 0.317383 0.21224 0.317383 0.216146 0.316406 0.217448 0.316406 0.221354 0.31543 0.222656 0.31543 0.22526 0.314453 0.226562 0.314453 0.229167 0.313477 0.230469 0.313477 0.231771 0.3125 0.233073 0.3125 0.234375 0.311523 0.235677 0.311523 0.236979 0.310547 0.238281 0.310547 0.239583 0.30957 0.240885 0.30957 0.242188 0.308594 0.24349 0.308594 0.244792 0.307617 0.246094 0.307617 0.247396 0.306641 0.248698 0.306641 0.25 0.305664 0.251302 0.305664 0.252604 0.304688 0.253906 0.304688 0.25651 0.303711 0.257812 0.303711 0.259115 0.302734 0.260417 0.302734 0.261719 0.301758 0.263021 0.301758 0.265625 0.300781 0.266927 0.300781 0.269531 0.299805 0.270833 0.299805 0.273438 0.298828 0.27474 0.298828 0.276042 0.297852 0.277344 0.297852 0.282552 0.296875 0.283854 0.296875 0.285156 0.295898 0.286458 0.295898 0.28776 0.294922 0.289062 0.294922 0.290365 0.292969 0.292969 0.292969 0.295573 0.291016 0.298177 0.291016 0.299479 0.290039 0.300781 0.290039 0.303385 0.289062 0.304688 0.289062 0.30599 0.287109 0.308594 0.287109 0.309896 0.286133 0.311198 0.286133 0.313802 0.285156 0.315104 0.285156 0.316406 0.28418 0.317708 0.28418 0.31901 0.282227 0.321615 0.279297 0.321615 0.279297 0.360677 0.285156 0.360677 0.285156 0.355469 0.286133 0.354167 0.286133 0.352865 0.288086 0.35026 0.288086 0.348958 0.291992 0.34375 0.291992 0.342448 0.294922 0.338542 0.294922 0.33724 0.297852 0.333333 0.297852 0.332031 0.302734 0.325521 0.302734 0.324219 0.305664 0.320312 0.305664 0.31901 0.306641 0.317708 0.306641 0.316406 0.307617 0.315104 0.307617 0.313802 0.308594 0.3125 0.308594 0.311198 0.30957 0.309896 0.30957 0.308594 0.3125 0.304688 0.3125 0.303385 0.314453 0.300781 0.314453 0.299479 0.320312 0.291667 0.320312 0.290365 0.323242 0.286458 0.323242 0.285156 0.327148 0.279948 0.327148 0.278646 0.329102 0.276042 0.329102 0.27474 0.331055 0.272135 0.331055 0.270833 0.332031 0.269531 0.332031 0.268229 0.333984 0.265625 0.333984 0.264323 0.334961 0.263021 0.334961 0.260417 0.335938 0.259115 0.335938 0.257812 0.336914 0.25651 0.336914 0.255208 0.339844 0.251302 0.339844 0.25 0.34082 0.248698 0.34082 0.247396 0.341797 0.246094 0.341797 0.244792 0.342773 0.24349 0.342773 0.242188 0.34375 0.240885 0.34375 0.239583 0.344727 0.238281 0.344727 0.236979 0.345703 0.235677 0.345703 0.234375 0.34668 0.233073 0.34668 0.230469 0.347656 0.229167 0.347656 0.226562 0.348633 0.22526 0.348633 0.222656 0.349609 0.221354 0.349609 0.21875 0.350586 0.217448 0.350586 0.213542 0.351562 0.21224 0.351562 0.208333 0.352539 0.207031 0.352539 0.205729 0.353516 0.204427 0.353516 0.201823 0.354492 0.200521 0.354492 0.199219 0.355469 0.197917 0.355469 0.196615 0.356445 0.195312 0.356445 0.19401 0.357422 0.192708 0.357422 0.191406 0.358398 0.190104 0.358398 0.188802 0.359375 0.1875 0.359375 0.184896 0.360352 0.183594 0.360352 0.182292 0.361328 0.18099 0.361328 0.179688 0.362305 0.178385 0.362305 0.177083 0.363281 0.175781 0.363281 0.173177 0.365234 0.170573 0.368164 0.170573 0.368164 0.158854
0 0.109375 0.575521 0.109375 0.579427 0.108398 0.580729 0.108398 0.583333 0.106445 0.585938 0.106445 0.58724 0.101562 0.59375 0.100586 0.59375 0.0976562 0.597656 0.0966797 0.597656 0.0957031 0.598958 0.0830078 0.598958 0.0820312 0.597656 0.0791016 0.597656 0.078125 0.596354 0.0625 0.596354 0.0615234 0.597656 0.0595703 0.597656 0.0585938 0.598958 0.0566406 0.598958 0.0546875 0.601562 0.0537109 0.601562 0.0507812 0.605469 0.0507812 0.606771 0.0498047 0.608073 0.0488281 0.608073 0.0488281 0.609375 0.0410156 0.619792 0.0400391 0.619792 0.0390625 0.621094 0.0371094 0.621094 0.0361328 0.622396 0.0332031 0.622396 0.0322266 0.623698 0.0302734 0.623698 0.0292969 0.625 0.0273438 0.625 0.0263672 0.626302 0.0244141 0.626302 0.0234375 0.627604 0.0214844 0.627604 0.0205078 0.628906 0.0195312 0.628906 0.0185547 0.630208 0.0175781 0.630208 0.0166016 0.63151 0.015625 0.63151 0.0146484 0.632812 0.0136719 0.632812 0.0107422 0.636719 0.00976562 0.636719 0.00878906 0.638021 0.00878906 0.639323 0.00488281 0.644531 0.00390625 0.644531 0.00292969 0.645833 0.00195312 0.645833 0.000976562 0.647135 0 0.647135 0 0.713542 0.00390625 0.713542 0.00488281 0.714844 0.00585938 0.714844 0.00683594 0.716146 0.0078125 0.716146 0.00878906 0.717448 0.00976562 0.717448 0.0117188 0.720052 0.0126953 0.720052 0.0136719 0.721354 0.0166016 0.721354 0.0175781 0.722656 0.0205078 0.722656 0.0214844 0.723958 0.0292969 0.723958 0.0302734 0.72526 0.0371094 0.72526 0.0380859 0.726562 0.0449219 0.726562 0.0458984 0.727865 0.0488281 0.727865 0.0498047 0.729167 0.0537109 0.729167 0.0546875 0.730469 0.0585938 0.730469 0.0595703 0.729167 0.0634766 0.729167 0.0644531 0.727865 0.0664062 0.727865 0.0673828 0.726562 0.0693359 0.726562 0.0703125 0.72526 0.0722656 0.72526 0.0732422 0.723958 0.0761719 0.723958 0.0771484 0.722656 0.0839844 0.722656 0.0849609 0.721354 0.0917969 0.721354 0.0927734 0.720052 0.0957031 0.720052 0.0966797 0.71875 0.100586 0.71875 0.101562 0.717448 0.105469 0.717448 0.106445 0.716146 0.108398 0.716146 0.109375 0.714844 0.110352 0.714844 0.111328 0.713542 0.114258 0.713542 0.115234 0.71224 0.118164 0.71224 0.119141 0.710938 0.121094 0.710938 0.12207 0.709635 0.123047 0.709635 0.124023 0.708333 0.125977 0.708333 0.126953 0.707031 0.128906 0.707031 0.129883 0.705729 0.131836 0.705729 0.132812 0.704427 0.133789 0.704427 0.134766 0.703125 0.136719 0.703125 0.137695 0.701823 0.140625 0.701823 0.141602 0.700521 0.143555 0.700521 0.144531 0.699219 0.145508 0.699219 0.146484 0.697917 0.147461 0.697917 0.148438 0.696615 0.150391 0.696615 0.151367 0.695312 0.152344 0.695312 0.154297 0.692708 0.155273 0.692708 0.15625 0.691406 0.158203 0.691406 0.15918 0.690104 0.161133 0.690104 0.162109 0.688802 0.163086 0.688802 0.164062 0.6875 0.166016 0.6875 0.166992 0.686198 0.169922 0.686198 0.170898 0.684896 0.172852 0.684896 0.173828 0.683594 0.175781 0.683594 0.176758 0.682292 0.177734 0.682292 0.178711 0.68099 0.179688 0.68099 0.180664 0.679688 0.181641 0.679688 0.186523 0.673177 0.186523 0.671875 0.193359 0.66276 0.193359 0.661458 0.208008 0.641927 0.208008 0.640625 0.209961 0.638021 0.209961 0.636719 0.210938 0.635417 0.210938 0.634115 0.213867 0.630208 0.213867 0.628906 0.216797 0.625 0.216797 0.623698 0.217773 0.622396 0.217773 0.617188 0.21582 0.614583 0.214844 0.614583 0.211914 0.610677 0.210938 0.610677 0.208008 0.606771 0.207031 0.606771 0.205078 0.604167 0.204102 0.604167 0.202148 0.601562 0.201172 0.601562 0.200195 0.60026 0.199219 0.60026 0.197266 0.597656 0.196289 0.597656 0.195312 0.596354 0.194336 0.596354 0.193359 0.595052 0.192383 0.595052 0.189453 0.591146 0.188477 0.591146 0.180664 0.580729 0.180664 0.575521
1 0.817383 0.799479 0.817383 0.804688 0.80957 0.815104 0.80957 0.816406 0.805664 0.821615 0.805664 0.822917 0.803711 0.825521 0.803711 0.826823 0.801758 0.829427 0.801758 0.830729 0.800781 0.832031 0.800781 0.833333 0.799805 0.834635 0.799805 0.835938 0.797852 0.838542 0.797852 0.839844 0.785156 0.856771 0.78418 0.856771 0.783203 0.858073 0.782227 0.858073 0.78125 0.859375 0.780273 0.859375 0.77832 0.861979 0.777344 0.861979 0.774414 0.865885 0.773438 0.865885 0.766602 0.875 0.765625 0.875 0.746094 0.901042 0.745117 0.901042 0.737305 0.911458 0.736328 0.911458 0.735352 0.91276 0.733398 0.91276 0.732422 0.914062 0.728516 0.914062 0.728516 0.928385 0.794922 0.928385 0.794922 0.923177 0.795898 0.921875 0.796875 0.921875 0.799805 0.917969 0.799805 0.916667 0.800781 0.915365 0.800781 0.914062 0.801758 0.91276 0.801758 0.911458 0.80957 0.901042 0.80957 0.89974 0.810547 0.898438 0.811523 0.898438 0.8125 0.897135 0.8125 0.895833 0.813477 0.894531 0.813477 0.893229 0.814453 0.891927 0.814453 0.890625 0.81543 0.889323 0.81543 0.888021 0.816406 0.886719 0.816406 0.885417 0.817383 0.884115 0.817383 0.88151 0.819336 0.878906 0.819336 0.877604 0.820312 0.876302 0.820312 0.875 0.821289 0.873698 0.821289 0.872396 0.824219 0.86849 0.824219 0.867188 0.827148 0.863281 0.827148 0.861979 0.829102 0.859375 0.829102 0.858073 0.831055 0.855469 0.832031 0.855469 0.832031 0.854167 0.833008 0.852865 0.833008 0.851562 0.833984 0.85026 0.835938 0.85026 0.836914 0.848958 0.84082 0.848958 0.84082 0.813802 0.836914 0.813802 0.835938 0.8125 0.835938 0.811198 0.833984 0.808594 0.833984 0.807292 0.833008 0.80599 0.833008 0.804688 0.832031 0.803385 0.832031 0.799479
1 0.134766 0.00260417 0.134766 0.03125 0.137695 0.03125 0.142578 0.0377604 0.143555 0.0377604 0.146484 0.0416667 0.147461 0.0416667 0.149414 0.0442708 0.150391 0.0442708 0.151367 0.0455729 0.152344 0.0455729 0.154297 0.0481771 0.155273 0.0481771 0.15625 0.0494792 0.157227 0.0494792 0.158203 0.0507812 0.160156 0.0507812 0.161133 0.0520833 0.163086 0.0520833 0.165039 0.0546875 0.165039 0.0585938 0.197266 0.0585938 0.197266 0.0546875 0.198242 0.0533854 0.201172 0.0533854 0.202148 0.0520833 0.209961 0.0520833 0.210938 0.0507812 0.220703 0.0507812 0.22168 0.0520833 0.264648 0.0520833 0.265625 0.0533854 0.267578 0.0533854 0.268555 0.0546875 0.268555 0.0585938 0.285156 0.0585938 0.285156 0.0546875 0.286133 0.0533854 0.287109 0.0533854 0.288086 0.0520833 0.290039 0.0520833 0.291016 0.0507812 0.292969 0.0507812 0.293945 0.0494792 0.294922 0.0494792 0.295898 0.0481771 0.296875 0.0481771 0.297852 0.046875 0.298828 0.046875 0.299805 0.0455729 0.300781 0.0455729 0.301758 0.0442708 0.302734 0.0442708 0.303711 0.0429688 0.304688 0.0429688 0.307617 0.0390625 0.308594 0.0390625 0.30957 0.0377604 0.313477 0.0377604 0.313477 0.0234375 0.310547 0.0234375 0.306641 0.0182292 0.306641 0.0169271 0.298828 0.00651042 0.298828 0.00260417
1 0.350586 0.0963542 0.350586 0.10026 0.341797 0.111979 0.341797 0.113281 0.334961 0.122396 0.333984 0.122396 0.331055 0.126302 0.330078 0.126302 0.328125 0.128906 0.327148 0.128906 0.325195 0.13151 0.324219 0.13151 0.322266 0.134115 0.321289 0.134115 0.319336 0.136719 0.318359 0.136719 0.317383 0.138021 0.316406 0.138021 0.31543 0.139323 0.313477 0.139323 0.3125 0.140625 0.30957 0.140625 0.308594 0.141927 0.305664 0.141927 0.304688 0.143229 0.300781 0.143229 0.299805 0.144531 0.294922 0.144531 0.293945 0.145833 0.291016 0.145833 0.290039 0.147135 0.289062 0.147135 0.288086 0.148438 0.287109 0.148438 0.28418 0.152344 0.283203 0.152344 0.27832 0.158854 0.277344 0.158854 0.275391 0.161458 0.273438 0.161458 0.272461 0.16276 0.271484 0.16276 0.270508 0.164062 0.269531 0.164062 0.268555 0.165365 0.263672 0.165365 0.263672 0.186198 0.268555 0.186198 0.269531 0.1875 0.275391 0.1875 0.276367 0.186198 0.277344 0.186198 0.27832 0.184896 0.279297 0.184896 0.280273 0.183594 0.282227 0.183594 0.283203 0.182292 0.285156 0.182292 0.286133 0.18099 0.291016 0.18099 0.291992 0.179688 0.296875 0.179688 0.297852 0.178385 0.300781 0.178385 0.301758 0.177083 0.333008 0.177083 0.333984 0.175781 0.335938 0.175781 0.336914 0.174479 0.337891 0.174479 0.338867 0.173177 0.339844 0.173177 0.34082 0.171875 0.342773 0.171875 0.34375 0.170573 0.345703 0.170573 0.34668 0.169271 0.347656 0.169271 0.348633 0.167969 0.349609 0.167969 0.350586 0.166667 0.351562 0.166667 0.352539 0.165365 0.353516 0.165365 0.354492 0.164062 0.356445 0.164062 0.357422 0.16276 0.359375 0.16276 0.360352 0.161458 0.361328 0.161458 0.362305 0.160156 0.363281 0.160156 0.364258 0.158854 0.365234 0.158854 0.365234 0.157552 0.369141 0.152344 0.369141 0.151042 0.374023 0.144531 0.374023 0.143229 0.376953 0.139323 0.376953 0.138021 0.37793 0.136719 0.37793 0.135417 0.379883 0.132812 0.379883 0.13151 0.380859 0.130208 0.380859 0.127604 0.381836 0.126302 0.381836 0.123698 0.382812 0.122396 0.382812 0.121094 0.384766 0.11849 0.387695 0.11849 0.387695 0.0963542
1 0.902344 0.0546875 0.902344 0.0598958 0.900391 0.0625 0.900391 0.0638021 0.899414 0.0651042 0.898438 0.0651042 0.897461 0.0664062 0.896484 0.0664062 0.894531 0.0690104 0.893555 0.0690104 0.892578 0.0703125 0.890625 0.0703125 0.889648 0.0716146 0.887695 0.0716146 0.886719 0.0729167 0.884766 0.0729167 0.883789 0.0742188 0.882812 0.0742188 0.881836 0.0755208 0.879883 0.0755208 0.878906 0.0768229 0.876953 0.0768229 0.875977 0.078125 0.874023 0.078125 0.873047 0.0794271 0.871094 0.0794271 0.870117 0.0807292 0.866211 0.0807292 0.865234 0.0820312 0.857422 0.0820312 0.856445 0.0833333 0.847656 0.0833333 0.84668 0.0846354 0.837891 0.0846354 0.836914 0.0859375 0.833008 0.0859375 0.832031 0.0872396 0.830078 0.0872396 0.829102 0.0885417 0.828125 0.0885417 0.826172 0.0911458 0.826172 0.0924479 0.825195 0.09375 0.825195 0.0963542 0.824219 0.0976562 0.824219 0.104167 0.823242 0.105469 0.823242 0.109375 0.822266 0.110677 0.822266 0.113281 0.821289 0.114583 0.821289 0.117188 0.820312 0.11849 0.820312 0.121094 0.819336 0.122396 0.819336 0.125 0.818359 0.126302 0.818359 0.127604 0.817383 0.128906 0.817383 0.130208 0.816406 0.13151 0.816406 0.134115 0.806641 0.147135 0.805664 0.147135 0.802734 0.151042 0.801758 0.151042 0.800781 0.152344 0.799805 0.152344 0.798828 0.153646 0.797852 0.153646 0.796875 0.154948 0.791016 0.154948 0.791016 0.178385 0.820312 0.178385 0.820312 0.174479 0.821289 0.173177 0.822266 0.173177 0.823242 0.171875 0.826172 0.171875 0.827148 0.170573 0.830078 0.170573 0.831055 0.169271 0.833008 0.169271 0.833984 0.167969 0.834961 0.167969 0.835938 0.166667 0.836914 0.166667 0.837891 0.165365 0.839844 0.165365 0.84082 0.164062 0.842773 0.164062 0.84375 0.16276 0.844727 0.16276 0.845703 0.161458 0.84668 0.161458 0.847656 0.160156 0.848633 0.160156 0.849609 0.158854 0.850586 0.158854 0.851562 0.157552 0.852539 0.157552 0.853516 0.15625 0.854492 0.15625 0.855469 0.154948 0.856445 0.154948 0.858398 0.152344 0.859375 0.152344 0.860352 0.151042 0.861328 0.151042 0.862305 0.14974 0.863281 0.14974 0.864258 0.148438 0.865234 0.148438 0.866211 0.147135 0.867188 0.147135 0.869141 0.144531 0.870117 0.144531 0.873047 0.140625 0.874023 0.140625 0.876953 0.136719 0.87793 0.136719 0.879883 0.134115 0.880859 0.134115 0.881836 0.132812 0.882812 0.132812 0.883789 0.13151 0.884766 0.13151 0.885742 0.130208 0.888672 0.130208 0.889648 0.128906 0.893555 0.128906 0.894531 0.127604 0.899414 0.127604 0.900391 0.126302 0.901367 0.126302 0.902344 0.125 0.905273 0.125 0.90625 0.123698 0.90918 0.123698 0.910156 0.122396 0.912109 0.122396 0.913086 0.121094 0.914062 0.121094 0.915039 0.119792 0.916016 0.119792 0.916992 0.11849 0.917969 0.11849 0.918945 0.117188 0.919922 0.117188 0.920898 0.115885 0.921875 0.115885 0.922852 0.114583 0.923828 0.114583 0.924805 0.113281 0.926758 0.113281 0.927734 0.111979 0.928711 0.111979 0.930664 0.109375 0.932617 0.109375 0.933594 0.108073 0.935547 0.108073 0.936523 0.106771 0.9375 0.106771 0.938477 0.105469 0.939453 0.105469 0.94043 0.104167 0.941406 0.104167 0.942383 0.102865 0.943359 0.102865 0.944336 0.101562 0.945312 0.101562 0.948242 0.0976562 0.949219 0.0976562 0.955078 0.0898438 0.955078 0.0885417 0.957031 0.0859375 0.957031 0.078125 0.952148 0.0716146 0.951172 0.0716146 0.950195 0.0703125 0.949219 0.0703125 0.947266 0.0677083 0.946289 0.0677083 0.945312 0.0664062 0.944336 0.0664062 0.943359 0.0651042 0.942383 0.0651042 0.94043 0.0625 0.939453 0.0625 0.938477 0.0611979 0.9375 0.0611979 0.935547 0.0585938 0.935547 0.0546875
1 0.597656 0.742188 0.597656 0.747396 0.59375 0.752604 0.59375 0.753906 0.591797 0.75651 0.591797 0.759115 0.59082 0.760417 0.59082 0.764323 0.589844 0.765625 0.589844 0.768229 0.588867 0.769531 0.588867 0.772135 0.587891 0.773438 0.587891 0.77474 0.586914 0.776042 0.586914 0.778646 0.585938 0.779948 0.585938 0.782552 0.584961 0.783854 0.584961 0.786458 0.583984 0.78776 0.583984 0.789062 0.583008 0.790365 0.583008 0.791667 0.582031 0.792969 0.582031 0.794271 0.581055 0.795573 0.581055 0.796875 0.580078 0.798177 0.580078 0.799479 0.579102 0.800781 0.579102 0.802083 0.578125 0.803385 0.578125 0.804688 0.577148 0.80599 0.577148 0.807292 0.574219 0.811198 0.574219 0.8125 0.568359 0.820312 0.568359 0.821615 0.566406 0.824219 0.566406 0.825521 0.564453 0.828125 0.564453 0.829427 0.563477 0.830729 0.563477 0.832031 0.5625 0.833333 0.5625 0.834635 0.561523 0.835938 0.561523 0.83724 0.560547 0.838542 0.556641 0.838542 0.556641 0.86849 0.55957 0.86849 0.560547 0.869792 0.561523 0.869792 0.563477 0.872396 0.563477 0.876302 0.583008 0.876302 0.583008 0.872396 0.583984 0.871094 0.583984 0.869792 0.587891 0.864583 0.588867 0.864583 0.591797 0.860677 0.592773 0.860677 0.594727 0.858073 0.595703 0.858073 0.603516 0.847656 0.603516 0.846354 0.604492 0.845052 0.604492 0.84375 0.605469 0.842448 0.605469 0.841146 0.606445 0.839844 0.606445 0.835938 0.607422 0.834635 0.607422 0.832031 0.608398 0.830729 0.608398 0.828125 0.609375 0.826823 0.609375 0.825521 0.610352 0.824219 0.610352 0.822917 0.611328 0.821615 0.611328 0.820312 0.612305 0.81901 0.612305 0.816406 0.613281 0.815104 0.613281 0.813802 0.614258 0.8125 0.614258 0.811198 0.615234 0.809896 0.615234 0.807292 0.616211 0.80599 0.616211 0.804688 0.617188 0.803385 0.617188 0.802083 0.618164 0.800781 0.618164 0.799479 0.619141 0.798177 0.619141 0.796875 0.620117 0.795573 0.620117 0.794271 0.621094 0.792969 0.621094 0.791667 0.623047 0.789062 0.623047 0.78776 0.624023 0.786458 0.624023 0.783854 0.625 0.782552 0.625 0.777344 0.625977 0.776042 0.625977 0.757812 0.625 0.75651 0.625 0.753906 0.624023 0.752604 0.624023 0.751302 0.623047 0.75 0.623047 0.748698 0.62207 0.747396 0.62207 0.742188
1 0.765625 0.382812 0.765625 0.386719 0.762695 0.390625 0.762695 0.391927 0.758789 0.397135 0.757812 0.397135 0.754883 0.401042 0.751953 0.401042 0.750977 0.402344 0.742188 0.402344 0.741211 0.403646 0.739258 0.403646 0.738281 0.404948 0.736328 0.404948 0.735352 0.40625 0.734375 0.40625 0.733398 0.407552 0.732422 0.407552 0.727539 0.414062 0.727539 0.415365 0.726562 0.416667 0.726562 0.417969 0.725586 0.419271 0.725586 0.420573 0.723633 0.423177 0.723633 0.424479 0.722656 0.425781 0.722656 0.427083 0.72168 0.428385 0.72168 0.429688 0.720703 0.43099 0.720703 0.432292 0.719727 0.433594 0.719727 0.434896 0.71875 0.436198 0.71875 0.438802 0.717773 0.440104 0.717773 0.442708 0.716797 0.44401 0.716797 0.446615 0.71582 0.447917 0.71582 0.450521 0.714844 0.451823 0.714844 0.454427 0.713867 0.455729 0.713867 0.458333 0.712891 0.459635 0.712891 0.46224 0.711914 0.463542 0.711914 0.466146 0.710938 0.467448 0.710938 0.470052 0.709961 0.471354 0.709961 0.473958 0.708984 0.47526 0.708984 0.476562 0.708008 0.477865 0.708008 0.480469 0.707031 0.481771 0.707031 0.484375 0.706055 0.485677 0.706055 0.488281 0.705078 0.489583 0.705078 0.492188 0.704102 0.49349 0.704102 0.494792 0.703125 0.496094 0.703125 0.497396 0.702148 0.498698 0.702148 0.5 0.700195 0.502604 0.697266 0.502604 0.697266 0.598958 0.705078 0.598958 0.706055 0.60026 0.707031 0.60026 0.708008 0.601562 0.708008 0.605469 0.717773 0.605469 0.717773 0.601562 0.71875 0.60026 0.719727 0.60026 0.720703 0.598958 0.72168 0.598958 0.722656 0.597656 0.723633 0.597656 0.729492 0.589844 0.729492 0.588542 0.731445 0.585938 0.731445 0.584635 0.732422 0.583333 0.732422 0.582031 0.733398 0.580729 0.733398 0.578125 0.734375 0.576823 0.734375 0.575521 0.735352 0.574219 0.735352 0.571615 0.736328 0.570312 0.736328 0.565104 0.737305 0.563802 0.737305 0.559896 0.738281 0.558594 0.738281 0.554688 0.739258 0.553385 0.739258 0.535156 0.740234 0.533854 0.740234 0.528646 0.741211 0.527344 0.741211 0.523438 0.742188 0.522135 0.742188 0.518229 0.743164 0.516927 0.743164 0.513021 0.744141 0.511719 0.744141 0.509115 0.745117 0.507812 0.745117 0.503906 0.746094 0.502604 0.746094 0.5 0.74707 0.498698 0.74707 0.496094 0.748047 0.494792 0.748047 0.49349 0.749023 0.492188 0.749023 0.489583 0.75 0.488281 0.75 0.486979 0.750977 0.485677 0.750977 0.483073 0.751953 0.481771 0.751953 0.480469 0.75293 0.479167 0.75293 0.476562 0.753906 0.47526 0.753906 0.473958 0.754883 0.472656 0.754883 0.470052 0.755859 0.46875 0.755859 0.467448 0.756836 0.466146 0.756836 0.463542 0.757812 0.46224 0.757812 0.459635 0.758789 0.458333 0.758789 0.457031 0.759766 0.455729 0.759766 0.454427 0.761719 0.451823 0.761719 0.450521 0.763672 0.447917 0.763672 0.446615 0.765625 0.44401 0.765625 0.442708 0.771484 0.434896 0.772461 0.434896 0.773438 0.433594 0.774414 0.433594 0.77832 0.428385 0.77832 0.424479 0.779297 0.423177 0.779297 0.416667 0.780273 0.415365 0.780273 0.410156 0.78125 0.408854 0.78125 0.403646 0.782227 0.402344 0.782227 0.395833 0.78125 0.394531 0.78125 0.390625 0.780273 0.389323 0.780273 0.382812
1 0.638672 0.0703125 0.638672 0.0755208 0.637695 0.0768229 0.636719 0.0768229 0.635742 0.078125 0.635742 0.0794271 0.633789 0.0820312 0.632812 0.0820312 0.631836 0.0833333 0.630859 0.0833333 0.628906 0.0859375 0.62793 0.0859375 0.626953 0.0872396 0.625977 0.0872396 0.625 0.0885417 0.624023 0.0885417 0.623047 0.0898438 0.62207 0.0898438 0.621094 0.0911458 0.620117 0.0911458 0.618164 0.09375 0.617188 0.09375 0.616211 0.0950521 0.616211 0.0963542 0.615234 0.0976562 0.615234 0.10026 0.614258 0.101562 0.614258 0.104167 0.612305 0.106771 0.612305 0.108073 0.608398 0.113281 0.608398 0.114583 0.602539 0.122396 0.602539 0.123698 0.59375 0.135417 0.592773 0.135417 0.588867 0.140625 0.587891 0.140625 0.584961 0.144531 0.583984 0.144531 0.581055 0.148438 0.580078 0.148438 0.578125 0.151042 0.577148 0.151042 0.575195 0.153646 0.574219 0.153646 0.573242 0.154948 0.572266 0.154948 0.569336 0.158854 0.568359 0.158854 0.563477 0.165365 0.5625 0.165365 0.560547 0.167969 0.55957 0.167969 0.557617 0.170573 0.556641 0.170573 0.555664 0.171875 0.554688 0.171875 0.553711 0.173177 0.552734 0.173177 0.550781 0.175781 0.549805 0.175781 0.548828 0.177083 0.547852 0.177083 0.545898 0.179688 0.544922 0.179688 0.543945 0.18099 0.542969 0.18099 0.541992 0.182292 0.541016 0.182292 0.540039 0.183594 0.539062 0.183594 0.538086 0.184896 0.537109 0.184896 0.536133 0.186198 0.53418 0.186198 0.533203 0.1875 0.532227 0.1875 0.53125 0.188802 0.530273 0.188802 0.52832 0.191406 0.527344 0.191406 0.526367 0.192708 0.525391 0.192708 0.524414 0.19401 0.523438 0.19401 0.521484 0.196615 0.520508 0.196615 0.517578 0.200521 0.516602 0.200521 0.515625 0.201823 0.514648 0.201823 0.513672 0.203125 0.509766 0.203125 0.509766 0.220052 0.512695 0.220052 0.513672 0.221354 0.513672 0.222656 0.514648 0.223958 0.514648 0.22526 0.519531 0.231771 0.519531 0.233073 0.520508 0.233073 0.521484 0.234375 0.522461 0.234375 0.524414 0.236979 0.524414 0.240885 0.552734 0.240885 0.552734 0.236979 0.554688 0.234375 0.556641 0.234375 0.557617 0.233073 0.55957 0.233073 0.560547 0.231771 0.561523 0.231771 0.5625 0.230469 0.563477 0.230469 0.564453 0.229167 0.56543 0.229167 0.567383 0.226562 0.568359 0.226562 0.570312 0.223958 0.571289 0.223958 0.573242 0.221354 0.574219 0.221354 0.576172 0.21875 0.577148 0.21875 0.579102 0.216146 0.580078 0.216146 0.582031 0.213542 0.583008 0.213542 0.584961 0.210938 0.585938 0.210938 0.586914 0.209635 0.587891 0.209635 0.59082 0.205729 0.591797 0.205729 0.595703 0.200521 0.59668 0.200521 0.599609 0.196615 0.600586 0.196615 0.608398 0.186198 0.609375 0.186198 0.620117 0.171875 0.621094 0.171875 0.623047 0.169271 0.624023 0.169271 0.632812 0.157552 0.632812 0.15625 0.633789 0.154948 0.633789 0.152344 0.634766 0.151042 0.634766 0.14974 0.635742 0.148438 0.635742 0.147135 0.639648 0.141927 0.639648 0.140625 0.642578 0.136719 0.642578 0.135417 0.644531 0.132812 0.644531 0.13151 0.647461 0.127604 0.647461 0.126302 0.648438 0.125 0.648438 0.123698 0.650391 0.121094 0.650391 0.119792 0.651367 0.11849 0.651367 0.115885 0.65332 0.113281 0.65332 0.111979 0.655273 0.109375 0.655273 0.108073 0.65625 0.106771 0.65625 0.105469 0.658203 0.102865 0.661133 0.102865 0.661133 0.0872396 0.657227 0.0872396 0.65625 0.0859375 0.65625 0.0846354 0.652344 0.0794271 0.652344 0.0768229 0.651367 0.0755208 0.651367 0.0703125
1 0.174805 0.713542 0.173828 0.714844 0.171875 0.714844 0.168945 0.71875 0.168945 0.720052 0.165039 0.72526 0.165039 0.726562 0.162109 0.730469 0.162109 0.731771 0.161133 0.733073 0.161133 0.734375 0.15918 0.736979 0.15918 0.738281 0.15625 0.742188 0.15625 0.74349 0.15332 0.747396 0.152344 0.747396 0.151367 0.748698 0.140625 0.748698 0.139648 0.75 0.133789 0.75 0.132812 0.751302 0.130859 0.751302 0.129883 0.752604 0.128906 0.752604 0.12793 0.753906 0.126953 0.753906 0.125977 0.755208 0.125 0.755208 0.120117 0.761719 0.119141 0.761719 0.114258 0.768229 0.114258 0.769531 0.113281 0.770833 0.113281 0.773438 0.112305 0.77474 0.112305 0.778646 0.111328 0.779948 0.111328 0.785156 0.110352 0.786458 0.110352 0.792969 0.109375 0.794271 0.109375 0.798177 0.108398 0.799479 0.108398 0.802083 0.107422 0.803385 0.107422 0.80599 0.106445 0.807292 0.106445 0.809896 0.105469 0.811198 0.105469 0.813802 0.104492 0.815104 0.104492 0.817708 0.103516 0.81901 0.103516 0.820312 0.101562 0.822917 0.101562 0.824219 0.0996094 0.826823 0.0996094 0.828125 0.0976562 0.830729 0.0976562 0.832031 0.0966797 0.833333 0.0966797 0.834635 0.0957031 0.835938 0.0957031 0.83724 0.0947266 0.838542 0.0947266 0.841146 0.09375 0.842448 0.09375 0.845052 0.0927734 0.846354 0.0927734 0.847656 0.0917969 0.848958 0.0917969 0.851562 0.0908203 0.852865 0.0908203 0.855469 0.0898438 0.856771 0.0898438 0.860677 0.0888672 0.861979 0.0888672 0.867188 0.0878906 0.86849 0.0878906 0.871094 0.0869141 0.872396 0.0869141 0.873698 0.0859375 0.875 0.0859375 0.876302 0.0791016 0.885417 0.078125 0.885417 0.0771484 0.886719 0.0751953 0.886719 0.0742188 0.888021 0.0732422 0.888021 0.0722656 0.889323 0.0712891 0.889323 0.0703125 0.890625 0.0673828 0.890625 0.0664062 0.891927 0.0585938 0.891927 0.0576172 0.890625 0.0507812 0.890625 0.0498047 0.891927 0.0458984 0.891927 0.0449219 0.893229 0.0429688 0.893229 0.0419922 0.894531 0.0410156 0.894531 0.0400391 0.895833 0.0390625 0.895833 0.0380859 0.897135 0.0371094 0.897135 0.0361328 0.898438 0.0351562 0.898438 0.0332031 0.901042 0.0322266 0.901042 0.03125 0.902344 0.0302734 0.902344 0.0283203 0.904948 0.0273438 0.904948 0.0263672 0.90625 0.0253906 0.90625 0.0244141 0.907552 0.0224609 0.907552 0.0214844 0.908854 0.0205078 0.908854 0.0195312 0.910156 0.0175781 0.910156 0.0166016 0.911458 0.015625 0.911458 0.0146484 0.91276 0.0136719 0.91276 0.0107422 0.916667 0.00976562 0.916667 0.0078125 0.919271 0.0078125 0.921875 0.00878906 0.923177 0.00878906 0.928385 0.0419922 0.928385 0.0419922 0.924479 0.0439453 0.921875 0.0449219 0.921875 0.0458984 0.920573 0.046875 0.920573 0.0478516 0.919271 0.0498047 0.919271 0.0517578 0.916667 0.0527344 0.916667 0.0537109 0.915365 0.0546875 0.915365 0.0566406 0.91276 0.0576172 0.91276 0.0595703 0.910156 0.0605469 0.910156 0.0615234 0.908854 0.0625 0.908854 0.0634766 0.907552 0.0654297 0.907552 0.0664062 0.90625 0.0673828 0.90625 0.0683594 0.904948 0.0703125 0.904948 0.0712891 0.903646 0.0722656 0.903646 0.0732422 0.902344 0.0742188 0.902344 0.0751953 0.901042 0.0761719 0.901042 0.078125 0.898438 0.0800781 0.898438 0.0810547 0.897135 0.0830078 0.897135 0.0839844 0.895833 0.0849609 0.895833 0.0859375 0.894531 0.0869141 0.894531 0.0878906 0.893229 0.0888672 0.893229 0.0927734 0.888021 0.09375 0.888021 0.0947266 0.886719 0.0966797 0.886719 0.0976562 0.885417 0.0996094 0.885417 0.100586 0.884115 0.101562 0.884115 0.103516 0.88151 0.104492 0.88151 0.105469 0.880208 0.106445 0.880208 0.107422 0.878906 0.108398 0.878906 0.109375 0.877604 0.110352 0.877604 0.111328 0.876302 0.112305 0.876302 0.113281 0.875 0.114258 0.875 0.115234 0.873698 0.116211 0.873698 0.118164 0.871094 0.119141 0.871094 0.120117 0.869792 0.121094 0.869792 0.123047 0.867188 0.124023 0.867188 0.125977 0.864583 0.126953 0.864583 0.12793 0.863281 0.128906 0.863281 0.130859 0.860677 0.131836 0.860677 0.133789 0.858073 0.134766 0.858073 0.136719 0.855469 0.137695 0.855469 0.139648 0.852865 0.140625 0.852865 0.141602 0.851562 0.142578 0.851562 0.144531 0.848958 0.145508 0.848958 0.148438 0.845052 0.149414 0.845052 0.15332 0.839844 0.154297 0.839844 0.15918 0.833333 0.160156 0.833333 0.163086 0.829427 0.164062 0.829427 0.166016 0.826823 0.166992 0.826823 0.169922 0.822917 0.170898 0.822917 0.172852 0.820312 0.173828 0.820312 0.176758 0.816406 0.177734 0.816406 0.185547 0.80599 0.185547 0.804688 0.194336 0.792969 0.194336 0.791667 0.201172 0.782552 0.201172 0.78125 0.204102 0.777344 0.204102 0.77474 0.205078 0.773438 0.203125 0.770833 0.202148 0.770833 0.195312 0.761719 0.195312 0.755208 0.194336 0.753906 0.194336 0.729167 0.195312 0.727865 0.195312 0.723958 0.194336 0.722656 0.194336 0.716146 0.193359 0.714844 0.186523 0.714844 0.185547 0.713542
1 0.630859 0.158854 0.630859 0.164062 0.629883 0.165365 0.628906 0.165365 0.625 0.170573 0.624023 0.170573 0.623047 0.171875 0.62207 0.171875 0.620117 0.174479 0.619141 0.174479 0.608398 0.188802 0.607422 0.188802 0.600586 0.197917 0.599609 0.197917 0.59668 0.201823 0.595703 0.201823 0.59375 0.204427 0.592773 0.204427 0.59082 0.207031 0.589844 0.207031 0.587891 0.209635 0.586914 0.209635 0.584961 0.21224 0.583984 0.21224 0.582031 0.214844 0.581055 0.214844 0.579102 0.217448 0.578125 0.217448 0.576172 0.220052 0.575195 0.220052 0.572266 0.223958 0.571289 0.223958 0.570312 0.22526 0.569336 0.22526 0.567383 0.227865 0.56543 0.227865 0.564453 0.229167 0.5625 0.229167 0.561523 0.230469 0.560547 0.230469 0.55957 0.231771 0.558594 0.231771 0.557617 0.233073 0.556641 0.233073 0.555664 0.234375 0.552734 0.234375 0.551758 0.235677 0.548828 0.235677 0.547852 0.236979 0.545898 0.236979 0.544922 0.238281 0.541016 0.238281 0.540039 0.239583 0.538086 0.239583 0.537109 0.240885 0.533203 0.240885 0.533203 0.255208 0.536133 0.255208 0.537109 0.25651 0.538086 0.25651 0.539062 0.257812 0.540039 0.257812 0.541016 0.259115 0.548828 0.259115 0.549805 0.257812 0.553711 0.257812 0.554688 0.25651 0.556641 0.25651 0.557617 0.255208 0.560547 0.255208 0.561523 0.253906 0.56543 0.253906 0.566406 0.252604 0.569336 0.252604 0.570312 0.251302 0.571289 0.251302 0.572266 0.25 0.573242 0.25 0.574219 0.248698 0.575195 0.248698 0.576172 0.247396 0.577148 0.247396 0.579102 0.244792 0.580078 0.244792 0.581055 0.24349 0.582031 0.24349 0.583008 0.242188 0.583984 0.242188 0.585938 0.239583 0.586914 0.239583 0.588867 0.236979 0.589844 0.236979 0.591797 0.234375 0.592773 0.234375 0.594727 0.231771 0.595703 0.231771 0.597656 0.229167 0.598633 0.229167 0.601562 0.22526 0.602539 0.22526 0.604492 0.222656 0.605469 0.222656 0.606445 0.221354 0.607422 0.221354 0.609375 0.21875 0.610352 0.21875 0.613281 0.214844 0.614258 0.214844 0.616211 0.21224 0.617188 0.21224 0.619141 0.209635 0.620117 0.209635 0.621094 0.208333 0.62207 0.208333 0.623047 0.207031 0.624023 0.207031 0.625 0.205729 0.625977 0.205729 0.62793 0.203125 0.628906 0.203125 0.632812 0.197917 0.633789 0.197917 0.634766 0.196615 0.635742 0.196615 0.638672 0.192708 0.639648 0.192708 0.645508 0.184896 0.646484 0.184896 0.650391 0.179688 0.651367 0.179688 0.654297 0.175781 0.657227 0.175781 0.657227 0.167969 0.654297 0.167969 0.65332 0.166667 0.652344 0.166667 0.649414 0.16276 0.649414 0.158854
0 0.411133 0.210938 0.411133 0.214844 0.40918 0.217448 0.408203 0.217448 0.40625 0.220052 0.405273 0.220052 0.40332 0.222656 0.402344 0.222656 0.399414 0.226562 0.398438 0.226562 0.397461 0.227865 0.397461 0.229167 0.395508 0.231771 0.395508 0.233073 0.394531 0.234375 0.394531 0.235677 0.392578 0.238281 0.392578 0.239583 0.389648 0.24349 0.389648 0.244792 0.387695 0.247396 0.384766 0.247396 0.384766 0.308594 0.387695 0.308594 0.388672 0.309896 0.388672 0.3125 0.387695 0.313802 0.384766 0.313802 0.387695 0.313802 0.388672 0.315104 0.388672 0.316406 0.389648 0.317708 0.389648 0.321615 0.390625 0.322917 0.390625 0.324219 0.391602 0.325521 0.391602 0.326823 0.392578 0.328125 0.392578 0.329427 0.394531 0.332031 0.394531 0.333333 0.402344 0.34375 0.40332 0.34375 0.40625 0.347656 0.407227 0.347656 0.410156 0.351562 0.411133 0.351562 0.415039 0.356771 0.416016 0.356771 0.416992 0.358073 0.417969 0.358073 0.418945 0.359375 0.420898 0.359375 0.421875 0.360677 0.422852 0.360677 0.423828 0.361979 0.424805 0.361979 0.425781 0.363281 0.427734 0.363281 0.428711 0.364583 0.433594 0.364583 0.43457 0.365885 0.436523 0.365885 0.4375 0.367188 0.4375 0.371094 0.450195 0.371094 0.450195 0.367188 0.451172 0.365885 0.452148 0.365885 0.453125 0.364583 0.455078 0.364583 0.456055 0.363281 0.457031 0.363281 0.459961 0.359375 0.460938 0.359375 0.462891 0.356771 0.463867 0.356771 0.474609 0.342448 0.474609 0.341146 0.476562 0.338542 0.476562 0.33724 0.477539 0.335938 0.477539 0.334635 0.479492 0.332031 0.479492 0.329427 0.480469 0.328125 0.480469 0.325521 0.481445 0.324219 0.481445 0.320312 0.482422 0.31901 0.482422 0.315104 0.483398 0.313802 0.483398 0.308594 0.484375 0.307292 0.484375 0.28776 0.483398 0.286458 0.483398 0.282552 0.482422 0.28125 0.482422 0.279948 0.481445 0.278646 0.481445 0.276042 0.480469 0.27474 0.480469 0.269531 0.479492 0.268229 0.479492 0.261719 0.478516 0.260417 0.478516 0.257812 0.477539 0.25651 0.477539 0.252604 0.476562 0.251302 0.476562 0.247396 0.475586 0.246094 0.475586 0.244792 0.474609 0.24349 0.474609 0.242188 0.470703 0.236979 0.470703 0.235677 0.466797 0.230469 0.466797 0.229167 0.46582 0.227865 0.46582 0.226562 0.462891 0.222656 0.462891 0.221354 0.461914 0.220052 0.461914 0.21875 0.460938 0.217448 0.460938 0.216146 0.459961 0.214844 0.459961 0.210938
1 0.670898 0.148438 0.670898 0.152344 0.658203 0.169271 0.658203 0.170573 0.646484 0.186198 0.645508 0.186198 0.644531 0.1875 0.643555 0.1875 0.641602 0.190104 0.640625 0.190104 0.638672 0.192708 0.637695 0.192708 0.635742 0.195312 0.634766 0.195312 0.632812 0.197917 0.631836 0.197917 0.629883 0.200521 0.628906 0.200521 0.626953 0.203125 0.625977 0.203125 0.625 0.204427 0.623047 0.204427 0.62207 0.205729 0.619141 0.205729 0.619141 0.240885 0.629883 0.240885 0.629883 0.236979 0.630859 0.235677 0.632812 0.235677 0.633789 0.234375 0.640625 0.234375 0.641602 0.233073 0.647461 0.233073 0.648438 0.231771 0.651367 0.231771 0.652344 0.230469 0.654297 0.230469 0.655273 0.229167 0.657227 0.229167 0.658203 0.227865 0.65918 0.227865 0.660156 0.226562 0.661133 0.226562 0.662109 0.22526 0.663086 0.22526 0.664062 0.223958 0.665039 0.223958 0.666016 0.222656 0.666992 0.222656 0.667969 0.221354 0.668945 0.221354 0.669922 0.220052 0.670898 0.220052 0.671875 0.21875 0.673828 0.21875 0.674805 0.217448 0.676758 0.217448 0.677734 0.216146 0.678711 0.216146 0.679688 0.214844 0.680664 0.214844 0.681641 0.213542 0.683594 0.213542 0.68457 0.21224 0.686523 0.21224 0.6875 0.210938 0.689453 0.210938 0.69043 0.209635 0.691406 0.209635 0.693359 0.207031 0.694336 0.207031 0.697266 0.203125 0.698242 0.203125 0.701172 0.199219 0.702148 0.199219 0.703125 0.197917 0.704102 0.197917 0.705078 0.196615 0.707031 0.196615 0.708008 0.195312 0.708984 0.195312 0.713867 0.188802 0.714844 0.188802 0.71582 0.1875 0.717773 0.1875 0.71875 0.186198 0.72168 0.186198 0.722656 0.1875 0.723633 0.1875 0.724609 0.188802 0.727539 0.188802 0.727539 0.174479 0.723633 0.174479 0.722656 0.173177 0.72168 0.173177 0.720703 0.171875 0.719727 0.171875 0.71875 0.170573 0.717773 0.170573 0.71582 0.167969 0.713867 0.167969 0.712891 0.166667 0.710938 0.166667 0.709961 0.165365 0.708984 0.165365 0.708008 0.164062 0.707031 0.164062 0.706055 0.16276 0.705078 0.16276 0.702148 0.158854 0.701172 0.158854 0.698242 0.154948 0.696289 0.154948 0.695312 0.153646 0.694336 0.153646 0.693359 0.152344 0.693359 0.148438
0 0.481445 0.0390625 0.481445 0.0429688 0.479492 0.0455729 0.478516 0.0455729 0.470703 0.0559896 0.469727 0.0559896 0.454102 0.0768229 0.453125 0.0768229 0.451172 0.0794271 0.450195 0.0794271 0.448242 0.0820312 0.447266 0.0820312 0.445312 0.0846354 0.444336 0.0846354 0.441406 0.0885417 0.44043 0.0885417 0.4375 0.0924479 0.436523 0.0924479 0.43457 0.0950521 0.433594 0.0950521 0.431641 0.0976562 0.430664 0.0976562 0.429688 0.0989583 0.427734 0.0989583 0.426758 0.10026 0.425781 0.10026 0.424805 0.101562 0.423828 0.101562 0.422852 0.102865 0.421875 0.102865 0.420898 0.104167 0.418945 0.104167 0.417969 0.105469 0.416992 0.105469 0.416016 0.106771 0.415039 0.106771 0.412109 0.110677 0.411133 0.110677 0.408203 0.114583 0.407227 0.114583 0.40625 0.115885 0.400391 0.115885 0.400391 0.123698 0.40332 0.123698 0.404297 0.125 0.404297 0.126302 0.405273 0.127604 0.405273 0.140625 0.404297 0.141927 0.404297 0.147135 0.40332 0.148438 0.400391 0.148438 0.400391 0.190104 0.404297 0.190104 0.405273 0.191406 0.407227 0.191406 0.410156 0.195312 0.411133 0.195312 0.416016 0.201823 0.416992 0.201823 0.420898 0.207031 0.421875 0.207031 0.422852 0.208333 0.426758 0.208333 0.427734 0.209635 0.429688 0.209635 0.430664 0.210938 0.430664 0.214844 0.439453 0.214844 0.439453 0.210938 0.44043 0.209635 0.441406 0.209635 0.442383 0.208333 0.443359 0.208333 0.444336 0.207031 0.445312 0.207031 0.446289 0.205729 0.447266 0.205729 0.449219 0.203125 0.450195 0.203125 0.451172 0.201823 0.452148 0.201823 0.453125 0.200521 0.454102 0.200521 0.456055 0.197917 0.457031 0.197917 0.460938 0.192708 0.460938 0.191406 0.473633 0.174479 0.474609 0.174479 0.474609 0.173177 0.488281 0.154948 0.488281 0.153646 0.491211 0.14974 0.491211 0.148438 0.492188 0.147135 0.492188 0.145833 0.494141 0.143229 0.494141 0.141927 0.495117 0.140625 0.495117 0.139323 0.496094 0.138021 0.496094 0.136719 0.49707 0.135417 0.49707 0.134115 0.498047 0.132812 0.498047 0.13151 0.499023 0.130208 0.499023 0.127604 0.5 0.126302 0.5 0.123698 0.500977 0.122396 0.500977 0.121094 0.501953 0.119792 0.501953 0.11849 0.50293 0.117188 0.50293 0.115885 0.503906 0.114583 0.503906 0.111979 0.504883 0.110677 0.504883 0.108073 0.505859 0.106771 0.505859 0.104167 0.506836 0.102865 0.506836 0.10026 0.507812 0.0989583 0.507812 0.0950521 0.508789 0.09375 0.508789 0.0924479 0.509766 0.0911458 0.512695 0.0911458 0.512695 0.0390625
0 0.393555 0 0.393555 0.00390625 0.392578 0.00520833 0.392578 0.00911458 0.391602 0.0104167 0.391602 0.0130208 0.392578 0.0143229 0.392578 0.0234375 0.393555 0.0247396 0.393555 0.0338542 0.394531 0.0351562 0.394531 0.0429688 0.395508 0.0442708 0.395508 0.0585938 0.394531 0.0598958 0.394531 0.0638021 0.393555 0.0651042 0.393555 0.0664062 0.392578 0.0677083 0.392578 0.0690104 0.391602 0.0703125 0.391602 0.0716146 0.390625 0.0729167 0.390625 0.0742188 0.389648 0.0755208 0.389648 0.078125 0.387695 0.0807292 0.384766 0.0807292 0.384766 0.110677 0.414062 0.110677 0.414062 0.105469 0.415039 0.104167 0.416992 0.104167 0.417969 0.102865 0.419922 0.102865 0.420898 0.101562 0.421875 0.101562 0.422852 0.10026 0.423828 0.10026 0.424805 0.0989583 0.425781 0.0989583 0.426758 0.0976562 0.428711 0.0976562 0.429688 0.0963542 0.430664 0.0963542 0.431641 0.0950521 0.432617 0.0950521 0.43457 0.0924479 0.435547 0.0924479 0.439453 0.0872396 0.44043 0.0872396 0.441406 0.0859375 0.442383 0.0859375 0.445312 0.0820312 0.446289 0.0820312 0.450195 0.0768229 0.451172 0.0768229 0.460938 0.0638021 0.461914 0.0638021 0.480469 0.0390625 0.480469 0.0377604 0.484375 0.0325521 0.484375 0.03125 0.486328 0.0286458 0.486328 0.0273438 0.491211 0.0208333 0.491211 0.0195312 0.495117 0.0143229 0.495117 0.0130208 0.498047 0.00911458 0.498047 0.0078125 0.499023 0.00651042 0.499023 0.00520833 0.5 0.00390625 0.5 0
1 0.993164 0.878906 0.992188 0.880208 0.990234 0.880208 0.989258 0.88151 0.987305 0.88151 0.986328 0.882812 0.985352 0.882812 0.983398 0.885417 0.982422 0.885417 0.978516 0.890625 0.977539 0.890625 0.975586 0.893229 0.974609 0.893229 0.972656 0.895833 0.970703 0.895833 0.969727 0.897135 0.96875 0.897135 0.96582 0.901042 0.964844 0.901042 0.961914 0.904948 0.960938 0.904948 0.957031 0.910156 0.956055 0.910156 0.955078 0.911458 0.954102 0.911458 0.953125 0.91276 0.952148 0.91276 0.951172 0.914062 0.947266 0.914062 0.947266 0.928385 0.999023 0.928385 0.999023 0.878906
1 0.912109 0.127604 0.912109 0.13151 0.911133 0.132812 0.911133 0.134115 0.90918 0.136719 0.908203 0.136719 0.904297 0.141927 0.90332 0.141927 0.890625 0.158854 0.890625 0.160156 0.889648 0.161458 0.889648 0.16276 0.887695 0.165365 0.887695 0.167969 0.885742 0.170573 0.885742 0.171875 0.884766 0.173177 0.884766 0.174479 0.882812 0.177083 0.882812 0.178385 0.878906 0.183594 0.878906 0.184896 0.874023 0.191406 0.874023 0.192708 0.871094 0.196615 0.871094 0.197917 0.869141 0.200521 0.869141 0.201823 0.868164 0.203125 0.868164 0.204427 0.867188 0.205729 0.867188 0.207031 0.866211 0.208333 0.866211 0.209635 0.864258 0.21224 0.864258 0.213542 0.862305 0.216146 0.862305 0.217448 0.860352 0.220052 0.860352 0.221354 0.858398 0.223958 0.858398 0.22526 0.856445 0.227865 0.856445 0.229167 0.853516 0.233073 0.852539 0.233073 0.850586 0.235677 0.849609 0.235677 0.847656 0.238281 0.84668 0.238281 0.845703 0.239583 0.844727 0.239583 0.84375 0.240885 0.842773 0.240885 0.84082 0.24349 0.839844 0.24349 0.838867 0.244792 0.837891 0.244792 0.835938 0.247396 0.834961 0.247396 0.832031 0.251302 0.832031 0.252604 0.827148 0.259115 0.827148 0.260417 0.826172 0.261719 0.826172 0.263021 0.825195 0.264323 0.825195 0.265625 0.824219 0.266927 0.824219 0.268229 0.823242 0.269531 0.823242 0.272135 0.822266 0.273438 0.822266 0.27474 0.821289 0.276042 0.820312 0.276042 0.819336 0.277344 0.818359 0.277344 0.817383 0.278646 0.816406 0.277344 0.810547 0.277344 0.810547 0.291667 0.813477 0.291667 0.814453 0.292969 0.814453 0.294271 0.813477 0.295573 0.810547 0.295573 0.810547 0.324219 0.81543 0.324219 0.816406 0.325521 0.825195 0.325521 0.826172 0.324219 0.827148 0.324219 0.828125 0.322917 0.830078 0.322917 0.831055 0.321615 0.833008 0.321615 0.833984 0.320312 0.834961 0.320312 0.835938 0.31901 0.836914 0.31901 0.839844 0.315104 0.84082 0.315104 0.841797 0.313802 0.842773 0.313802 0.858398 0.292969 0.858398 0.291667 0.859375 0.290365 0.859375 0.289062 0.860352 0.28776 0.860352 0.286458 0.867188 0.277344 0.868164 0.277344 0.869141 0.276042 0.870117 0.276042 0.871094 0.27474 0.87207 0.27474 0.873047 0.273438 0.874023 0.273438 0.875 0.272135 0.875977 0.272135 0.876953 0.270833 0.878906 0.270833 0.879883 0.269531 0.882812 0.269531 0.883789 0.268229 0.885742 0.268229 0.886719 0.266927 0.887695 0.266927 0.888672 0.265625 0.889648 0.265625 0.891602 0.263021 0.892578 0.263021 0.897461 0.25651 0.897461 0.255208 0.900391 0.251302 0.900391 0.25 0.901367 0.248698 0.901367 0.246094 0.90332 0.24349 0.90332 0.242188 0.90625 0.238281 0.90625 0.236979 0.90918 0.233073 0.90918 0.231771 0.912109 0.227865 0.912109 0.226562 0.915039 0.222656 0.915039 0.221354 0.916992 0.21875 0.916992 0.217448 0.918945 0.214844 0.918945 0.213542 0.920898 0.210938 0.920898 0.209635 0.921875 0.208333 0.921875 0.207031 0.922852 0.205729 0.922852 0.204427 0.924805 0.201823 0.924805 0.200521 0.925781 0.199219 0.925781 0.197917 0.926758 0.196615 0.926758 0.195312 0.927734 0.19401 0.927734 0.192708 0.928711 0.191406 0.928711 0.190104 0.929688 0.188802 0.929688 0.1875 0.930664 0.186198 0.930664 0.184896 0.932617 0.182292 0.932617 0.18099 0.933594 0.179688 0.933594 0.178385 0.935547 0.175781 0.938477 0.175781 0.938477 0.127604
1 0.689453 0.611979 0.689453 0.639323 0.693359 0.639323 0.695312 0.641927 0.695312 0.643229 0.696289 0.644531 0.696289 0.645833 0.697266 0.647135 0.697266 0.648438 0.699219 0.651042 0.699219 0.652344 0.703125 0.657552 0.703125 0.658854 0.705078 0.661458 0.705078 0.66276 0.707031 0.665365 0.707031 0.666667 0.708008 0.667969 0.708008 0.669271 0.709961 0.671875 0.709961 0.673177 0.711914 0.675781 0.711914 0.677083 0.71875 0.686198 0.719727 0.686198 0.72168 0.688802 0.722656 0.688802 0.724609 0.691406 0.725586 0.691406 0.726562 0.692708 0.727539 0.692708 0.728516 0.69401 0.732422 0.69401 0.733398 0.692708 0.735352 0.692708 0.736328 0.691406 0.737305 0.691406 0.742188 0.684896 0.742188 0.683594 0.744141 0.68099 0.74707 0.68099 0.74707 0.669271 0.744141 0.669271 0.743164 0.667969 0.743164 0.666667 0.742188 0.665365 0.742188 0.66276 0.741211 0.661458 0.741211 0.660156 0.739258 0.657552 0.739258 0.65625 0.738281 0.654948 0.738281 0.653646 0.735352 0.64974 0.735352 0.648438 0.730469 0.641927 0.730469 0.640625 0.724609 0.632812 0.724609 0.63151 0.71875 0.623698 0.717773 0.623698 0.71582 0.621094 0.71582 0.61849 0.714844 0.617188 0.714844 0.611979
