0 0.709961 0.888021 0.709961 0.891927 0.705078 0.898438 0.704102 0.898438 0.703125 0.89974 0.702148 0.89974 0.701172 0.901042 0.700195 0.901042 0.699219 0.902344 0.698242 0.902344 0.697266 0.903646 0.696289 0.903646 0.695312 0.904948 0.693359 0.904948 0.692383 0.90625 0.69043 0.90625 0.689453 0.907552 0.685547 0.907552 0.685547 0.9375 0.69043 0.9375 0.693359 0.941406 0.694336 0.941406 0.702148 0.951823 0.703125 0.951823 0.708984 0.959635 0.709961 0.959635 0.710938 0.960938 0.711914 0.960938 0.712891 0.96224 0.713867 0.96224 0.717773 0.967448 0.71875 0.967448 0.720703 0.970052 0.72168 0.970052 0.722656 0.971354 0.723633 0.971354 0.725586 0.973958 0.726562 0.973958 0.728516 0.976562 0.729492 0.976562 0.730469 0.977865 0.731445 0.977865 0.732422 0.979167 0.733398 0.979167 0.734375 0.980469 0.735352 0.980469 0.736328 0.981771 0.737305 0.981771 0.739258 0.984375 0.740234 0.984375 0.741211 0.985677 0.742188 0.985677 0.743164 0.986979 0.745117 0.986979 0.746094 0.988281 0.748047 0.988281 0.749023 0.989583 0.750977 0.989583 0.751953 0.990885 0.754883 0.990885 0.755859 0.992188 0.758789 0.992188 0.759766 0.99349 0.762695 0.99349 0.763672 0.994792 0.765625 0.994792 0.767578 0.997396 0.767578 0.998698 0.827148 0.998698 0.827148 0.996094 0.835938 0.984375 0.836914 0.984375 0.837891 0.983073 0.838867 0.983073 0.839844 0.981771 0.839844 0.980469 0.841797 0.977865 0.844727 0.977865 0.844727 0.970052 0.841797 0.970052 0.839844 0.967448 0.839844 0.966146 0.836914 0.96224 0.836914 0.960938 0.835938 0.960938 0.830078 0.953125 0.830078 0.951823 0.829102 0.950521 0.829102 0.949219 0.825195 0.94401 0.825195 0.942708 0.823242 0.940104 0.823242 0.938802 0.817383 0.93099 0.816406 0.93099 0.81543 0.929688 0.814453 0.929688 0.813477 0.928385 0.8125 0.928385 0.811523 0.927083 0.80957 0.927083 0.808594 0.925781 0.806641 0.925781 0.805664 0.924479 0.804688 0.924479 0.802734 0.921875 0.800781 0.921875 0.799805 0.920573 0.798828 0.920573 0.797852 0.919271 0.796875 0.919271 0.795898 0.917969 0.793945 0.917969 0.792969 0.916667 0.791016 0.916667 0.790039 0.915365 0.787109 0.915365 0.786133 0.914062 0.783203 0.914062 0.782227 0.91276 0.780273 0.91276 0.779297 0.911458 0.777344 0.911458 0.776367 0.910156 0.774414 0.910156 0.773438 0.908854 0.771484 0.908854 0.770508 0.907552 0.767578 0.907552 0.766602 0.90625 0.763672 0.90625 0.762695 0.904948 0.759766 0.904948 0.758789 0.903646 0.756836 0.903646 0.755859 0.902344 0.754883 0.902344 0.753906 0.901042 0.75293 0.901042 0.751953 0.89974 0.75 0.89974 0.749023 0.898438 0.748047 0.898438 0.74707 0.897135 0.746094 0.897135 0.745117 0.895833 0.744141 0.895833 0.741211 0.891927 0.741211 0.888021
0 0.166016 0.861979 0.166016 0.865885 0.164062 0.86849 0.163086 0.86849 0.161133 0.871094 0.160156 0.871094 0.158203 0.873698 0.157227 0.873698 0.155273 0.876302 0.154297 0.876302 0.152344 0.878906 0.151367 0.878906 0.149414 0.88151 0.146484 0.88151 0.146484 0.903646 0.149414 0.903646 0.154297 0.910156 0.155273 0.910156 0.15625 0.911458 0.157227 0.911458 0.15918 0.914062 0.160156 0.914062 0.161133 0.915365 0.162109 0.915365 0.163086 0.916667 0.164062 0.916667 0.165039 0.917969 0.166016 0.917969 0.166992 0.919271 0.167969 0.919271 0.168945 0.920573 0.171875 0.920573 0.172852 0.921875 0.174805 0.921875 0.175781 0.923177 0.176758 0.923177 0.177734 0.924479 0.179688 0.924479 0.180664 0.925781 0.181641 0.925781 0.182617 0.927083 0.18457 0.927083 0.185547 0.928385 0.1875 0.928385 0.188477 0.929688 0.189453 0.929688 0.19043 0.93099 0.193359 0.93099 0.194336 0.932292 0.200195 0.932292 0.201172 0.933594 0.205078 0.933594 0.206055 0.934896 0.208984 0.934896 0.209961 0.936198 0.212891 0.936198 0.213867 0.9375 0.216797 0.9375 0.217773 0.938802 0.220703 0.938802 0.22168 0.940104 0.226562 0.940104 0.227539 0.941406 0.230469 0.941406 0.231445 0.942708 0.233398 0.942708 0.234375 0.94401 0.236328 0.94401 0.238281 0.946615 0.239258 0.946615 0.240234 0.947917 0.241211 0.947917 0.243164 0.950521 0.244141 0.950521 0.246094 0.953125 0.24707 0.953125 0.25 0.957031 0.250977 0.957031 0.25293 0.959635 0.253906 0.959635 0.254883 0.960938 0.255859 0.960938 0.258789 0.964844 0.259766 0.964844 0.260742 0.966146 0.262695 0.966146 0.263672 0.967448 0.265625 0.967448 0.266602 0.96875 0.269531 0.96875 0.270508 0.970052 0.271484 0.970052 0.272461 0.971354 0.272461 0.97526 0.306641 0.97526 0.306641 0.971354 0.307617 0.970052 0.308594 0.970052 0.30957 0.96875 0.3125 0.96875 0.313477 0.967448 0.31543 0.967448 0.316406 0.966146 0.319336 0.966146 0.320312 0.964844 0.322266 0.964844 0.323242 0.963542 0.325195 0.963542 0.326172 0.96224 0.328125 0.96224 0.329102 0.960938 0.330078 0.960938 0.331055 0.959635 0.332031 0.959635 0.333008 0.958333 0.333984 0.958333 0.334961 0.957031 0.335938 0.957031 0.337891 0.954427 0.338867 0.954427 0.342773 0.949219 0.34375 0.949219 0.345703 0.946615 0.345703 0.945312 0.34668 0.94401 0.34668 0.942708 0.347656 0.941406 0.347656 0.933594 0.34668 0.932292 0.34668 0.929688 0.345703 0.928385 0.345703 0.927083 0.344727 0.925781 0.344727 0.924479 0.342773 0.921875 0.342773 0.920573 0.34082 0.917969 0.34082 0.916667 0.336914 0.911458 0.335938 0.911458 0.333008 0.907552 0.332031 0.907552 0.330078 0.904948 0.329102 0.904948 0.326172 0.901042 0.325195 0.901042 0.324219 0.89974 0.323242 0.89974 0.321289 0.897135 0.320312 0.897135 0.317383 0.893229 0.316406 0.893229 0.314453 0.890625 0.313477 0.890625 0.3125 0.889323 0.310547 0.889323 0.30957 0.888021 0.307617 0.888021 0.306641 0.886719 0.304688 0.886719 0.303711 0.885417 0.301758 0.885417 0.300781 0.884115 0.295898 0.884115 0.294922 0.882812 0.292969 0.882812 0.291992 0.88151 0.291016 0.88151 0.290039 0.880208 0.288086 0.880208 0.287109 0.878906 0.285156 0.878906 0.28418 0.877604 0.283203 0.877604 0.282227 0.876302 0.28125 0.876302 0.280273 0.875 0.279297 0.875 0.27832 0.873698 0.276367 0.873698 0.275391 0.872396 0.274414 0.872396 0.273438 0.871094 0.272461 0.871094 0.271484 0.869792 0.268555 0.869792 0.267578 0.86849 0.263672 0.86849 0.262695 0.867188 0.258789 0.867188 0.257812 0.86849 0.25293 0.86849 0.251953 0.869792 0.245117 0.869792 0.244141 0.871094 0.239258 0.871094 0.238281 0.869792 0.232422 0.869792 0.231445 0.86849 0.227539 0.86849 0.225586 0.865885 0.225586 0.861979
1 0.955078 0.289062 0.955078 0.292969 0.949219 0.300781 0.948242 0.300781 0.943359 0.307292 0.942383 0.307292 0.938477 0.3125 0.9375 0.3125 0.93457 0.316406 0.933594 0.316406 0.929688 0.321615 0.928711 0.321615 0.923828 0.328125 0.922852 0.328125 0.918945 0.333333 0.917969 0.333333 0.910156 0.34375 0.90918 0.34375 0.902344 0.352865 0.902344 0.354167 0.898438 0.359375 0.898438 0.360677 0.894531 0.365885 0.894531 0.367188 0.891602 0.371094 0.891602 0.372396 0.888672 0.376302 0.888672 0.377604 0.886719 0.380208 0.886719 0.38151 0.885742 0.382812 0.885742 0.384115 0.883789 0.386719 0.883789 0.389323 0.882812 0.390625 0.882812 0.391927 0.881836 0.393229 0.881836 0.395833 0.880859 0.397135 0.880859 0.398438 0.879883 0.39974 0.879883 0.401042 0.878906 0.402344 0.878906 0.403646 0.87793 0.404948 0.87793 0.407552 0.876953 0.408854 0.876953 0.410156 0.874023 0.414062 0.874023 0.415365 0.873047 0.416667 0.873047 0.417969 0.871094 0.420573 0.871094 0.421875 0.869141 0.424479 0.869141 0.425781 0.867188 0.428385 0.867188 0.429688 0.864258 0.433594 0.861328 0.433594 0.861328 0.47526 0.87793 0.47526 0.87793 0.470052 0.879883 0.467448 0.880859 0.467448 0.880859 0.466146 0.891602 0.451823 0.892578 0.451823 0.896484 0.446615 0.897461 0.446615 0.90332 0.438802 0.904297 0.438802 0.90625 0.436198 0.907227 0.436198 0.910156 0.432292 0.911133 0.432292 0.911133 0.43099 0.913086 0.428385 0.913086 0.427083 0.914062 0.425781 0.914062 0.424479 0.917969 0.419271 0.917969 0.417969 0.918945 0.416667 0.919922 0.416667 0.922852 0.41276 0.923828 0.41276 0.924805 0.411458 0.925781 0.411458 0.926758 0.410156 0.927734 0.410156 0.928711 0.408854 0.929688 0.408854 0.930664 0.407552 0.931641 0.407552 0.932617 0.40625 0.933594 0.40625 0.93457 0.404948 0.935547 0.404948 0.936523 0.403646 0.938477 0.403646 0.939453 0.402344 0.94043 0.402344 0.942383 0.39974 0.943359 0.39974 0.947266 0.394531 0.947266 0.393229 0.948242 0.391927 0.948242 0.390625 0.950195 0.388021 0.950195 0.386719 0.953125 0.382812 0.953125 0.38151 0.954102 0.380208 0.954102 0.377604 0.955078 0.376302 0.955078 0.373698 0.956055 0.372396 0.956055 0.371094 0.958008 0.36849 0.958008 0.367188 0.960938 0.363281 0.960938 0.361979 0.963867 0.358073 0.963867 0.356771 0.967773 0.351562 0.967773 0.35026 0.975586 0.339844 0.975586 0.338542 0.982422 0.329427 0.985352 0.329427 0.985352 0.289062
0 0.456055 0.440104 0.456055 0.44401 0.454102 0.446615 0.453125 0.446615 0.451172 0.449219 0.450195 0.449219 0.448242 0.451823 0.447266 0.451823 0.446289 0.453125 0.445312 0.453125 0.444336 0.454427 0.443359 0.454427 0.442383 0.455729 0.44043 0.455729 0.439453 0.457031 0.438477 0.457031 0.4375 0.458333 0.436523 0.458333 0.435547 0.459635 0.43457 0.459635 0.433594 0.460938 0.432617 0.460938 0.431641 0.46224 0.430664 0.46224 0.429688 0.463542 0.428711 0.463542 0.427734 0.464844 0.425781 0.464844 0.424805 0.466146 0.423828 0.466146 0.422852 0.467448 0.420898 0.467448 0.419922 0.46875 0.416992 0.46875 0.416016 0.470052 0.415039 0.470052 0.414062 0.471354 0.413086 0.471354 0.412109 0.472656 0.411133 0.472656 0.410156 0.473958 0.40918 0.473958 0.408203 0.47526 0.407227 0.47526 0.40625 0.476562 0.405273 0.476562 0.40332 0.479167 0.402344 0.479167 0.401367 0.480469 0.400391 0.480469 0.398438 0.483073 0.397461 0.483073 0.396484 0.484375 0.395508 0.484375 0.393555 0.486979 0.392578 0.486979 0.391602 0.488281 0.390625 0.488281 0.389648 0.489583 0.388672 0.489583 0.387695 0.490885 0.386719 0.490885 0.385742 0.492188 0.384766 0.492188 0.383789 0.49349 0.382812 0.49349 0.381836 0.494792 0.380859 0.494792 0.379883 0.496094 0.378906 0.496094 0.37793 0.497396 0.375977 0.497396 0.375 0.498698 0.374023 0.498698 0.373047 0.5 0.37207 0.5 0.370117 0.502604 0.369141 0.502604 0.368164 0.503906 0.367188 0.503906 0.366211 0.505208 0.365234 0.505208 0.362305 0.509115 0.361328 0.509115 0.360352 0.510417 0.359375 0.510417 0.357422 0.513021 0.356445 0.513021 0.355469 0.514323 0.354492 0.514323 0.353516 0.515625 0.352539 0.515625 0.348633 0.520833 0.347656 0.520833 0.347656 0.522135 0.345703 0.52474 0.344727 0.52474 0.34082 0.529948 0.34082 0.53125 0.338867 0.533854 0.338867 0.535156 0.335938 0.539062 0.335938 0.540365 0.333984 0.542969 0.333984 0.544271 0.332031 0.546875 0.332031 0.548177 0.331055 0.549479 0.331055 0.552083 0.330078 0.553385 0.330078 0.55599 0.329102 0.557292 0.329102 0.559896 0.328125 0.561198 0.328125 0.563802 0.327148 0.565104 0.327148 0.566406 0.326172 0.567708 0.326172 0.570312 0.325195 0.571615 0.325195 0.572917 0.324219 0.574219 0.324219 0.575521 0.323242 0.576823 0.323242 0.578125 0.322266 0.579427 0.318359 0.579427 0.318359 0.595052 0.321289 0.595052 0.322266 0.596354 0.323242 0.596354 0.324219 0.597656 0.325195 0.597656 0.326172 0.598958 0.328125 0.598958 0.329102 0.60026 0.330078 0.60026 0.331055 0.601562 0.331055 0.605469 0.336914 0.605469 0.336914 0.601562 0.337891 0.60026 0.34082 0.60026 0.341797 0.598958 0.347656 0.598958 0.348633 0.597656 0.352539 0.597656 0.353516 0.596354 0.361328 0.596354 0.362305 0.597656 0.362305 0.605469 0.393555 0.605469 0.393555 0.60026 0.392578 0.598958 0.390625 0.598958 0.389648 0.60026 0.383789 0.60026 0.379883 0.595052 0.379883 0.59375 0.380859 0.592448 0.380859 0.591146 0.382812 0.588542 0.383789 0.588542 0.384766 0.58724 0.385742 0.58724 0.386719 0.585938 0.388672 0.585938 0.389648 0.584635 0.391602 0.584635 0.392578 0.583333 0.393555 0.583333 0.394531 0.582031 0.394531 0.580729 0.396484 0.578125 0.397461 0.578125 0.401367 0.572917 0.402344 0.572917 0.40332 0.571615 0.404297 0.571615 0.40625 0.56901 0.407227 0.56901 0.408203 0.567708 0.40918 0.567708 0.410156 0.566406 0.411133 0.566406 0.413086 0.563802 0.414062 0.563802 0.415039 0.5625 0.416016 0.5625 0.417969 0.559896 0.418945 0.559896 0.419922 0.558594 0.420898 0.558594 0.421875 0.557292 0.422852 0.557292 0.423828 0.55599 0.424805 0.55599 0.425781 0.554688 0.426758 0.554688 0.427734 0.553385 0.428711 0.553385 0.429688 0.552083 0.430664 0.552083 0.431641 0.550781 0.432617 0.550781 0.433594 0.549479 0.43457 0.549479 0.436523 0.546875 0.4375 0.546875 0.438477 0.545573 0.439453 0.545573 0.44043 0.544271 0.441406 0.544271 0.442383 0.542969 0.443359 0.542969 0.444336 0.541667 0.445312 0.541667 0.446289 0.540365 0.447266 0.540365 0.448242 0.539062 0.449219 0.539062 0.451172 0.536458 0.453125 0.536458 0.454102 0.535156 0.455078 0.535156 0.456055 0.533854 0.457031 0.533854 0.458008 0.532552 0.458984 0.532552 0.459961 0.53125 0.460938 0.53125 0.461914 0.529948 0.462891 0.529948 0.46582 0.526042 0.466797 0.526042 0.467773 0.52474 0.46875 0.52474 0.472656 0.519531 0.473633 0.519531 0.487305 0.501302 0.487305 0.5 0.494141 0.490885 0.494141 0.489583 0.498047 0.484375 0.498047 0.483073 0.499023 0.481771 0.499023 0.480469 0.5 0.479167 0.5 0.477865 0.501953 0.47526 0.504883 0.47526 0.504883 0.451823 0.501953 0.451823 0.49707 0.445312 0.49707 0.440104
1 0.594727 0.549479 0.594727 0.553385 0.59375 0.554688 0.587891 0.554688 0.586914 0.55599 0.574219 0.55599 0.573242 0.557292 0.563477 0.557292 0.5625 0.558594 0.555664 0.558594 0.554688 0.559896 0.548828 0.559896 0.547852 0.561198 0.541992 0.561198 0.541016 0.5625 0.512695 0.5625 0.511719 0.563802 0.508789 0.563802 0.507812 0.565104 0.505859 0.565104 0.504883 0.566406 0.50293 0.566406 0.501953 0.567708 0.5 0.567708 0.499023 0.56901 0.494141 0.56901 0.494141 0.605469 0.53125 0.605469 0.53125 0.601562 0.532227 0.60026 0.53418 0.60026 0.535156 0.598958 0.539062 0.598958 0.540039 0.597656 0.545898 0.597656 0.546875 0.596354 0.568359 0.596354 0.569336 0.595052 0.576172 0.595052 0.577148 0.59375 0.59082 0.59375 0.591797 0.592448 0.619141 0.592448 0.620117 0.591146 0.625 0.591146 0.625977 0.589844 0.62793 0.589844 0.628906 0.588542 0.631836 0.588542 0.632812 0.58724 0.634766 0.58724 0.635742 0.585938 0.637695 0.585938 0.638672 0.584635 0.640625 0.584635 0.641602 0.583333 0.643555 0.583333 0.644531 0.582031 0.645508 0.582031 0.646484 0.580729 0.647461 0.580729 0.649414 0.578125 0.65332 0.578125 0.65332 0.559896 0.650391 0.559896 0.647461 0.55599 0.647461 0.554688 0.646484 0.553385 0.646484 0.549479
1 0.364258 0.585938 0.364258 0.589844 0.363281 0.591146 0.361328 0.591146 0.360352 0.592448 0.358398 0.592448 0.357422 0.59375 0.355469 0.59375 0.353516 0.596354 0.352539 0.596354 0.351562 0.597656 0.349609 0.597656 0.34668 0.601562 0.345703 0.601562 0.344727 0.602865 0.342773 0.602865 0.341797 0.604167 0.339844 0.604167 0.337891 0.606771 0.336914 0.606771 0.335938 0.608073 0.334961 0.608073 0.333984 0.609375 0.333008 0.609375 0.331055 0.611979 0.330078 0.611979 0.321289 0.623698 0.320312 0.623698 0.314453 0.63151 0.314453 0.632812 0.3125 0.635417 0.311523 0.635417 0.30957 0.638021 0.30957 0.639323 0.301758 0.64974 0.298828 0.64974 0.298828 0.684896 0.301758 0.684896 0.302734 0.686198 0.304688 0.686198 0.305664 0.6875 0.307617 0.6875 0.308594 0.688802 0.30957 0.688802 0.310547 0.690104 0.310547 0.69401 0.31543 0.69401 0.31543 0.690104 0.316406 0.688802 0.318359 0.688802 0.319336 0.6875 0.321289 0.6875 0.322266 0.686198 0.324219 0.686198 0.325195 0.684896 0.326172 0.684896 0.327148 0.683594 0.329102 0.683594 0.330078 0.682292 0.331055 0.682292 0.332031 0.68099 0.333984 0.68099 0.334961 0.679688 0.335938 0.679688 0.336914 0.678385 0.337891 0.678385 0.338867 0.677083 0.339844 0.677083 0.34082 0.675781 0.341797 0.675781 0.34375 0.673177 0.344727 0.673177 0.345703 0.671875 0.34668 0.671875 0.348633 0.669271 0.349609 0.669271 0.351562 0.666667 0.352539 0.666667 0.353516 0.665365 0.354492 0.665365 0.356445 0.66276 0.357422 0.66276 0.358398 0.661458 0.359375 0.661458 0.360352 0.660156 0.361328 0.660156 0.362305 0.658854 0.363281 0.658854 0.365234 0.65625 0.366211 0.65625 0.367188 0.654948 0.368164 0.654948 0.37207 0.64974 0.373047 0.64974 0.376953 0.644531 0.37793 0.644531 0.381836 0.639323 0.382812 0.639323 0.386719 0.634115 0.387695 0.634115 0.389648 0.63151 0.389648 0.630208 0.391602 0.627604 0.391602 0.626302 0.393555 0.623698 0.393555 0.622396 0.394531 0.621094 0.394531 0.619792 0.395508 0.61849 0.395508 0.615885 0.396484 0.614583 0.396484 0.613281 0.397461 0.611979 0.397461 0.608073 0.398438 0.606771 0.398438 0.585938
0 0.151367 0.783854 0.151367 0.78776 0.150391 0.789062 0.149414 0.789062 0.148438 0.790365 0.147461 0.790365 0.146484 0.791667 0.143555 0.791667 0.142578 0.792969 0.141602 0.792969 0.140625 0.794271 0.138672 0.794271 0.137695 0.795573 0.135742 0.795573 0.134766 0.796875 0.133789 0.796875 0.131836 0.799479 0.130859 0.799479 0.129883 0.800781 0.128906 0.800781 0.125 0.80599 0.124023 0.80599 0.123047 0.807292 0.12207 0.807292 0.119141 0.811198 0.118164 0.811198 0.115234 0.815104 0.114258 0.815104 0.111328 0.81901 0.110352 0.81901 0.0986328 0.834635 0.0957031 0.834635 0.0957031 0.856771 0.0986328 0.856771 0.102539 0.861979 0.103516 0.861979 0.108398 0.86849 0.109375 0.86849 0.111328 0.871094 0.112305 0.871094 0.114258 0.873698 0.115234 0.873698 0.117188 0.876302 0.118164 0.876302 0.119141 0.877604 0.120117 0.877604 0.121094 0.878906 0.12207 0.878906 0.123047 0.880208 0.142578 0.880208 0.143555 0.878906 0.145508 0.878906 0.146484 0.877604 0.147461 0.877604 0.148438 0.876302 0.149414 0.876302 0.151367 0.873698 0.152344 0.873698 0.154297 0.871094 0.155273 0.871094 0.15625 0.869792 0.157227 0.869792 0.158203 0.86849 0.160156 0.86849 0.161133 0.867188 0.162109 0.867188 0.163086 0.865885 0.165039 0.865885 0.166016 0.864583 0.166992 0.864583 0.167969 0.863281 0.170898 0.863281 0.171875 0.861979 0.174805 0.861979 0.175781 0.860677 0.180664 0.860677 0.181641 0.859375 0.195312 0.859375 0.196289 0.858073 0.213867 0.858073 0.214844 0.856771 0.217773 0.856771 0.21875 0.855469 0.220703 0.855469 0.22168 0.854167 0.223633 0.854167 0.224609 0.852865 0.226562 0.852865 0.227539 0.851562 0.228516 0.851562 0.229492 0.85026 0.231445 0.85026 0.232422 0.848958 0.233398 0.848958 0.234375 0.847656 0.235352 0.847656 0.236328 0.846354 0.237305 0.846354 0.238281 0.845052 0.239258 0.845052 0.240234 0.84375 0.241211 0.84375 0.243164 0.841146 0.24707 0.841146 0.248047 0.842448 0.249023 0.842448 0.25 0.84375 0.251953 0.84375 0.25293 0.845052 0.253906 0.845052 0.254883 0.846354 0.255859 0.846354 0.256836 0.847656 0.257812 0.847656 0.259766 0.85026 0.260742 0.85026 0.261719 0.851562 0.262695 0.851562 0.264648 0.854167 0.265625 0.854167 0.267578 0.856771 0.268555 0.856771 0.273438 0.863281 0.274414 0.863281 0.276367 0.865885 0.277344 0.865885 0.27832 0.867188 0.279297 0.867188 0.280273 0.86849 0.282227 0.86849 0.283203 0.869792 0.28418 0.869792 0.285156 0.871094 0.286133 0.871094 0.287109 0.872396 0.288086 0.872396 0.289062 0.873698 0.290039 0.873698 0.291016 0.875 0.291992 0.875 0.292969 0.876302 0.294922 0.876302 0.295898 0.877604 0.296875 0.877604 0.297852 0.878906 0.299805 0.878906 0.300781 0.880208 0.302734 0.880208 0.304688 0.882812 0.304688 0.886719 0.349609 0.886719 0.349609 0.882812 0.350586 0.88151 0.351562 0.88151 0.352539 0.880208 0.354492 0.880208 0.355469 0.878906 0.357422 0.878906 0.358398 0.877604 0.359375 0.877604 0.360352 0.876302 0.361328 0.876302 0.362305 0.875 0.363281 0.875 0.366211 0.871094 0.367188 0.871094 0.369141 0.86849 0.370117 0.86849 0.373047 0.864583 0.373047 0.863281 0.375977 0.859375 0.379883 0.859375 0.379883 0.841146 0.376953 0.841146 0.369141 0.830729 0.368164 0.830729 0.365234 0.826823 0.364258 0.826823 0.361328 0.822917 0.360352 0.822917 0.357422 0.81901 0.356445 0.81901 0.353516 0.815104 0.352539 0.815104 0.351562 0.813802 0.350586 0.813802 0.348633 0.811198 0.347656 0.811198 0.344727 0.807292 0.34375 0.807292 0.341797 0.804688 0.34082 0.804688 0.337891 0.800781 0.336914 0.800781 0.335938 0.799479 0.334961 0.799479 0.333008 0.796875 0.332031 0.796875 0.329102 0.792969 0.328125 0.792969 0.327148 0.791667 0.326172 0.791667 0.325195 0.790365 0.324219 0.790365 0.322266 0.78776 0.322266 0.783854 0.260742 0.783854 0.260742 0.78776 0.258789 0.790365 0.257812 0.790365 0.256836 0.791667 0.255859 0.791667 0.254883 0.792969 0.25293 0.792969 0.251953 0.794271 0.249023 0.794271 0.248047 0.795573 0.245117 0.795573 0.244141 0.796875 0.232422 0.796875 0.231445 0.795573 0.228516 0.795573 0.227539 0.794271 0.225586 0.794271 0.224609 0.792969 0.21875 0.792969 0.217773 0.791667 0.213867 0.791667 0.212891 0.790365 0.209961 0.790365 0.208984 0.789062 0.208008 0.789062 0.207031 0.78776 0.207031 0.783854
1 0.647461 0.825521 0.647461 0.830729 0.646484 0.832031 0.645508 0.832031 0.644531 0.833333 0.644531 0.834635 0.642578 0.83724 0.641602 0.83724 0.634766 0.846354 0.634766 0.847656 0.632812 0.85026 0.632812 0.851562 0.631836 0.852865 0.631836 0.855469 0.62793 0.860677 0.62793 0.861979 0.623047 0.86849 0.62207 0.86849 0.618164 0.873698 0.617188 0.873698 0.614258 0.877604 0.613281 0.877604 0.610352 0.88151 0.609375 0.88151 0.607422 0.884115 0.606445 0.884115 0.602539 0.889323 0.601562 0.889323 0.594727 0.898438 0.59375 0.898438 0.582031 0.914062 0.582031 0.915365 0.578125 0.920573 0.578125 0.921875 0.576172 0.924479 0.576172 0.925781 0.574219 0.928385 0.574219 0.929688 0.571289 0.933594 0.568359 0.933594 0.568359 0.998698 0.583984 0.998698 0.583984 0.997396 0.59668 0.980469 0.59668 0.979167 0.603516 0.970052 0.603516 0.96875 0.606445 0.964844 0.606445 0.963542 0.609375 0.959635 0.609375 0.958333 0.611328 0.955729 0.611328 0.954427 0.613281 0.951823 0.613281 0.950521 0.614258 0.949219 0.614258 0.947917 0.616211 0.945312 0.616211 0.94401 0.618164 0.941406 0.618164 0.940104 0.625 0.93099 0.625977 0.93099 0.634766 0.919271 0.635742 0.919271 0.646484 0.904948 0.647461 0.904948 0.650391 0.901042 0.650391 0.89974 0.662109 0.884115 0.662109 0.882812 0.664062 0.880208 0.664062 0.878906 0.671875 0.86849 0.671875 0.867188 0.672852 0.865885 0.676758 0.865885 0.676758 0.825521
1 0.0839844 0.851562 0.0839844 0.915365 0.0869141 0.915365 0.0888672 0.917969 0.0888672 0.919271 0.0898438 0.920573 0.0898438 0.921875 0.0908203 0.923177 0.0908203 0.925781 0.0917969 0.927083 0.0917969 0.928385 0.0927734 0.929688 0.0927734 0.932292 0.09375 0.933594 0.09375 0.936198 0.0947266 0.9375 0.0947266 0.938802 0.0957031 0.940104 0.0957031 0.942708 0.0966797 0.94401 0.0966797 0.945312 0.0976562 0.946615 0.0976562 0.947917 0.0986328 0.949219 0.0986328 0.950521 0.0996094 0.951823 0.0996094 0.953125 0.100586 0.954427 0.100586 0.957031 0.101562 0.958333 0.101562 0.960938 0.102539 0.96224 0.102539 0.964844 0.103516 0.966146 0.103516 0.970052 0.104492 0.971354 0.104492 0.973958 0.105469 0.97526 0.105469 0.976562 0.106445 0.977865 0.106445 0.980469 0.108398 0.983073 0.108398 0.985677 0.109375 0.986979 0.109375 0.988281 0.110352 0.989583 0.110352 0.992188 0.112305 0.994792 0.112305 0.998698 0.15625 0.998698 0.15625 0.990885 0.155273 0.989583 0.155273 0.988281 0.154297 0.986979 0.154297 0.985677 0.15332 0.984375 0.15332 0.983073 0.152344 0.981771 0.152344 0.979167 0.151367 0.977865 0.151367 0.97526 0.150391 0.973958 0.150391 0.972656 0.149414 0.971354 0.149414 0.96875 0.148438 0.967448 0.148438 0.963542 0.147461 0.96224 0.147461 0.958333 0.146484 0.957031 0.146484 0.953125 0.145508 0.951823 0.145508 0.947917 0.144531 0.946615 0.144531 0.942708 0.143555 0.941406 0.143555 0.940104 0.142578 0.938802 0.142578 0.936198 0.141602 0.934896 0.141602 0.932292 0.140625 0.93099 0.140625 0.929688 0.139648 0.928385 0.139648 0.927083 0.138672 0.925781 0.138672 0.923177 0.137695 0.921875 0.137695 0.920573 0.136719 0.919271 0.136719 0.916667 0.134766 0.914062 0.134766 0.91276 0.133789 0.911458 0.133789 0.910156 0.12793 0.902344 0.12793 0.901042 0.125 0.897135 0.125 0.895833 0.124023 0.894531 0.124023 0.893229 0.123047 0.891927 0.123047 0.890625 0.121094 0.888021 0.121094 0.886719 0.120117 0.885417 0.120117 0.884115 0.114258 0.876302 0.113281 0.876302 0.110352 0.872396 0.109375 0.872396 0.103516 0.864583 0.103516 0.863281 0.0986328 0.856771 0.0986328 0.851562
0 0.508789 0 0.508789 0.00390625 0.507812 0.00520833 0.507812 0.0104167 0.506836 0.0117188 0.506836 0.015625 0.505859 0.0169271 0.505859 0.0182292 0.503906 0.0208333 0.503906 0.0221354 0.50293 0.0234375 0.50293 0.0247396 0.5 0.0286458 0.5 0.0299479 0.496094 0.0351562 0.496094 0.0364583 0.495117 0.0377604 0.495117 0.0390625 0.491211 0.0442708 0.491211 0.0455729 0.490234 0.046875 0.486328 0.046875 0.486328 0.105469 0.506836 0.105469 0.506836 0.10026 0.508789 0.0976562 0.509766 0.0976562 0.510742 0.0963542 0.511719 0.0963542 0.512695 0.0950521 0.513672 0.0950521 0.514648 0.09375 0.516602 0.09375 0.517578 0.0924479 0.518555 0.0924479 0.519531 0.0911458 0.520508 0.0911458 0.521484 0.0898438 0.523438 0.0898438 0.524414 0.0885417 0.526367 0.0885417 0.527344 0.0872396 0.52832 0.0872396 0.529297 0.0859375 0.53125 0.0859375 0.532227 0.0846354 0.533203 0.0846354 0.53418 0.0833333 0.536133 0.0833333 0.537109 0.0820312 0.538086 0.0820312 0.539062 0.0807292 0.541016 0.0807292 0.541992 0.0794271 0.542969 0.0794271 0.543945 0.078125 0.545898 0.078125 0.546875 0.0768229 0.548828 0.0768229 0.549805 0.0755208 0.551758 0.0755208 0.552734 0.0742188 0.553711 0.0742188 0.554688 0.0729167 0.555664 0.0729167 0.556641 0.0716146 0.558594 0.0716146 0.55957 0.0703125 0.560547 0.0703125 0.561523 0.0690104 0.563477 0.0690104 0.564453 0.0677083 0.56543 0.0677083 0.566406 0.0664062 0.567383 0.0664062 0.568359 0.0651042 0.569336 0.0651042 0.573242 0.0598958 0.574219 0.0598958 0.578125 0.0546875 0.579102 0.0546875 0.588867 0.0416667 0.588867 0.0403646 0.592773 0.0351562 0.592773 0.0338542 0.59375 0.0325521 0.59375 0.03125 0.595703 0.0286458 0.595703 0.0260417 0.59668 0.0247396 0.59668 0.0208333 0.597656 0.0195312 0.597656 0.0143229 0.598633 0.0130208 0.598633 0.0117188 0.599609 0.0104167 0.602539 0.0104167 0.602539 0
1 0.263672 0.335938 0.263672 0.361979 0.267578 0.361979 0.268555 0.363281 0.269531 0.363281 0.270508 0.364583 0.271484 0.364583 0.272461 0.365885 0.273438 0.365885 0.274414 0.367188 0.275391 0.367188 0.276367 0.36849 0.277344 0.36849 0.27832 0.369792 0.279297 0.369792 0.280273 0.371094 0.28125 0.371094 0.282227 0.372396 0.283203 0.372396 0.28418 0.373698 0.286133 0.373698 0.287109 0.375 0.288086 0.375 0.289062 0.376302 0.290039 0.376302 0.291016 0.377604 0.291992 0.377604 0.292969 0.378906 0.293945 0.378906 0.294922 0.380208 0.296875 0.380208 0.297852 0.38151 0.299805 0.38151 0.300781 0.382812 0.302734 0.382812 0.303711 0.384115 0.306641 0.384115 0.307617 0.385417 0.30957 0.385417 0.310547 0.386719 0.311523 0.386719 0.3125 0.388021 0.313477 0.388021 0.314453 0.389323 0.316406 0.389323 0.317383 0.390625 0.318359 0.390625 0.320312 0.393229 0.320312 0.397135 0.336914 0.397135 0.336914 0.393229 0.337891 0.391927 0.34082 0.391927 0.34082 0.369792 0.337891 0.369792 0.332031 0.361979 0.331055 0.361979 0.328125 0.358073 0.327148 0.358073 0.326172 0.356771 0.325195 0.356771 0.323242 0.354167 0.322266 0.354167 0.321289 0.352865 0.320312 0.352865 0.318359 0.35026 0.317383 0.35026 0.316406 0.348958 0.31543 0.348958 0.314453 0.347656 0.313477 0.347656 0.3125 0.346354 0.311523 0.346354 0.310547 0.345052 0.30957 0.345052 0.308594 0.34375 0.307617 0.34375 0.306641 0.342448 0.305664 0.342448 0.303711 0.339844 0.303711 0.335938
0 0.675781 0.664062 0.675781 0.669271 0.674805 0.670573 0.673828 0.670573 0.670898 0.674479 0.669922 0.674479 0.661133 0.686198 0.660156 0.686198 0.65332 0.695312 0.652344 0.695312 0.649414 0.699219 0.648438 0.699219 0.646484 0.701823 0.645508 0.701823 0.641602 0.707031 0.641602 0.708333 0.639648 0.710938 0.639648 0.71224 0.638672 0.713542 0.638672 0.714844 0.637695 0.716146 0.637695 0.717448 0.636719 0.71875 0.636719 0.720052 0.635742 0.721354 0.635742 0.722656 0.634766 0.723958 0.634766 0.72526 0.633789 0.726562 0.633789 0.727865 0.632812 0.729167 0.632812 0.730469 0.631836 0.731771 0.631836 0.733073 0.630859 0.734375 0.630859 0.736979 0.629883 0.738281 0.629883 0.740885 0.628906 0.742188 0.628906 0.746094 0.62793 0.747396 0.62793 0.748698 0.626953 0.75 0.626953 0.751302 0.625977 0.752604 0.625977 0.753906 0.625 0.755208 0.625 0.75651 0.624023 0.757812 0.624023 0.760417 0.623047 0.761719 0.623047 0.763021 0.62207 0.764323 0.62207 0.766927 0.621094 0.768229 0.621094 0.769531 0.620117 0.770833 0.620117 0.773438 0.618164 0.776042 0.618164 0.777344 0.617188 0.778646 0.617188 0.779948 0.615234 0.782552 0.615234 0.783854 0.614258 0.785156 0.614258 0.786458 0.613281 0.78776 0.613281 0.789062 0.612305 0.790365 0.612305 0.791667 0.611328 0.792969 0.611328 0.794271 0.607422 0.799479 0.607422 0.800781 0.603516 0.80599 0.603516 0.807292 0.599609 0.8125 0.599609 0.813802 0.597656 0.816406 0.597656 0.817708 0.595703 0.820312 0.595703 0.821615 0.594727 0.822917 0.594727 0.824219 0.59082 0.829427 0.59082 0.830729 0.588867 0.833333 0.588867 0.834635 0.582031 0.84375 0.582031 0.845052 0.575195 0.854167 0.572266 0.854167 0.572266 0.907552 0.581055 0.907552 0.581055 0.903646 0.583008 0.901042 0.583984 0.901042 0.586914 0.897135 0.587891 0.897135 0.589844 0.894531 0.59082 0.894531 0.592773 0.891927 0.59375 0.891927 0.594727 0.890625 0.595703 0.890625 0.59668 0.889323 0.597656 0.889323 0.600586 0.885417 0.601562 0.885417 0.605469 0.880208 0.606445 0.880208 0.608398 0.877604 0.609375 0.877604 0.614258 0.871094 0.615234 0.871094 0.620117 0.864583 0.620117 0.863281 0.62207 0.860677 0.62207 0.859375 0.625 0.855469 0.625 0.854167 0.626953 0.851562 0.626953 0.85026 0.636719 0.83724 0.636719 0.835938 0.648438 0.820312 0.648438 0.81901 0.650391 0.816406 0.650391 0.815104 0.65332 0.811198 0.65332 0.809896 0.654297 0.808594 0.654297 0.807292 0.65625 0.804688 0.65625 0.803385 0.667969 0.78776 0.668945 0.78776 0.669922 0.786458 0.670898 0.786458 0.671875 0.785156 0.672852 0.785156 0.674805 0.782552 0.675781 0.782552 0.676758 0.78125 0.677734 0.78125 0.680664 0.777344 0.681641 0.777344 0.68457 0.773438 0.685547 0.773438 0.6875 0.770833 0.688477 0.770833 0.698242 0.757812 0.698242 0.75651 0.701172 0.752604 0.701172 0.751302 0.704102 0.747396 0.704102 0.746094 0.705078 0.744792 0.705078 0.74349 0.706055 0.742188 0.706055 0.740885 0.708008 0.738281 0.708008 0.736979 0.709961 0.734375 0.709961 0.733073 0.711914 0.730469 0.711914 0.729167 0.712891 0.727865 0.712891 0.726562 0.713867 0.72526 0.713867 0.723958 0.714844 0.722656 0.714844 0.721354 0.716797 0.71875 0.716797 0.717448 0.71875 0.714844 0.71875 0.713542 0.719727 0.71224 0.719727 0.710938 0.720703 0.709635 0.720703 0.708333 0.72168 0.707031 0.72168 0.705729 0.722656 0.704427 0.722656 0.703125 0.724609 0.700521 0.727539 0.700521 0.727539 0.675781 0.724609 0.675781 0.722656 0.673177 0.722656 0.671875 0.72168 0.670573 0.72168 0.664062
1 0.443359 0.315104 0.443359 0.320312 0.442383 0.321615 0.441406 0.321615 0.433594 0.332031 0.432617 0.332031 0.431641 0.333333 0.430664 0.333333 0.422852 0.34375 0.421875 0.34375 0.421875 0.345052 0.410156 0.360677 0.410156 0.361979 0.397461 0.378906 0.397461 0.380208 0.395508 0.382812 0.394531 0.382812 0.391602 0.386719 0.390625 0.386719 0.386719 0.391927 0.385742 0.391927 0.384766 0.393229 0.384766 0.394531 0.383789 0.395833 0.383789 0.397135 0.381836 0.39974 0.381836 0.401042 0.376953 0.407552 0.375977 0.407552 0.374023 0.410156 0.373047 0.410156 0.37207 0.411458 0.371094 0.411458 0.370117 0.41276 0.369141 0.41276 0.367188 0.415365 0.366211 0.415365 0.359375 0.424479 0.359375 0.425781 0.358398 0.427083 0.358398 0.428385 0.356445 0.43099 0.353516 0.43099 0.353516 0.466146 0.356445 0.466146 0.357422 0.467448 0.358398 0.467448 0.359375 0.46875 0.360352 0.46875 0.361328 0.470052 0.362305 0.470052 0.363281 0.471354 0.365234 0.471354 0.366211 0.472656 0.368164 0.472656 0.369141 0.473958 0.371094 0.473958 0.37207 0.47526 0.373047 0.47526 0.374023 0.476562 0.374023 0.480469 0.379883 0.480469 0.379883 0.476562 0.381836 0.473958 0.382812 0.473958 0.383789 0.472656 0.384766 0.472656 0.387695 0.46875 0.388672 0.46875 0.390625 0.466146 0.390625 0.464844 0.404297 0.446615 0.404297 0.445312 0.408203 0.440104 0.408203 0.438802 0.411133 0.434896 0.411133 0.433594 0.416016 0.427083 0.416016 0.425781 0.418945 0.421875 0.418945 0.420573 0.419922 0.419271 0.420898 0.419271 0.424805 0.414062 0.424805 0.41276 0.427734 0.408854 0.427734 0.407552 0.429688 0.404948 0.429688 0.403646 0.436523 0.394531 0.4375 0.394531 0.442383 0.388021 0.443359 0.388021 0.443359 0.386719 0.447266 0.38151 0.447266 0.380208 0.448242 0.378906 0.448242 0.377604 0.450195 0.375 0.450195 0.373698 0.451172 0.372396 0.451172 0.371094 0.452148 0.369792 0.452148 0.36849 0.453125 0.367188 0.453125 0.365885 0.454102 0.364583 0.454102 0.363281 0.455078 0.361979 0.455078 0.360677 0.457031 0.358073 0.457031 0.356771 0.458984 0.354167 0.461914 0.354167 0.461914 0.315104
1 0.321289 0.497396 0.321289 0.501302 0.317383 0.50651 0.317383 0.507812 0.313477 0.513021 0.313477 0.515625 0.3125 0.516927 0.3125 0.522135 0.311523 0.523438 0.311523 0.526042 0.310547 0.527344 0.310547 0.528646 0.30957 0.529948 0.30957 0.53125 0.307617 0.533854 0.307617 0.535156 0.305664 0.53776 0.305664 0.539062 0.303711 0.541667 0.303711 0.542969 0.300781 0.546875 0.300781 0.548177 0.297852 0.552083 0.297852 0.553385 0.295898 0.55599 0.295898 0.557292 0.287109 0.56901 0.286133 0.56901 0.285156 0.570312 0.282227 0.570312 0.28125 0.571615 0.280273 0.571615 0.279297 0.572917 0.27832 0.572917 0.27832 0.574219 0.276367 0.576823 0.276367 0.578125 0.275391 0.579427 0.275391 0.580729 0.273438 0.583333 0.273438 0.584635 0.270508 0.588542 0.269531 0.588542 0.266602 0.592448 0.265625 0.592448 0.258789 0.601562 0.258789 0.602865 0.256836 0.605469 0.256836 0.606771 0.248047 0.61849 0.24707 0.61849 0.244141 0.622396 0.243164 0.622396 0.240234 0.626302 0.239258 0.626302 0.237305 0.628906 0.236328 0.628906 0.233398 0.632812 0.232422 0.632812 0.230469 0.635417 0.229492 0.635417 0.228516 0.636719 0.227539 0.636719 0.226562 0.638021 0.225586 0.638021 0.224609 0.639323 0.220703 0.639323 0.220703 0.683594 0.255859 0.683594 0.255859 0.678385 0.256836 0.677083 0.256836 0.675781 0.268555 0.660156 0.268555 0.658854 0.277344 0.647135 0.277344 0.645833 0.283203 0.638021 0.283203 0.636719 0.287109 0.63151 0.287109 0.630208 0.290039 0.626302 0.290039 0.625 0.291992 0.622396 0.291992 0.621094 0.298828 0.611979 0.299805 0.611979 0.303711 0.606771 0.303711 0.605469 0.30957 0.597656 0.310547 0.597656 0.3125 0.595052 0.313477 0.595052 0.31543 0.592448 0.316406 0.592448 0.317383 0.591146 0.318359 0.591146 0.324219 0.583333 0.324219 0.582031 0.325195 0.580729 0.325195 0.579427 0.326172 0.578125 0.326172 0.574219 0.327148 0.572917 0.327148 0.571615 0.328125 0.570312 0.328125 0.567708 0.329102 0.566406 0.329102 0.563802 0.330078 0.5625 0.330078 0.559896 0.331055 0.558594 0.331055 0.55599 0.332031 0.554688 0.332031 0.552083 0.333008 0.550781 0.333008 0.549479 0.333984 0.548177 0.333984 0.545573 0.334961 0.544271 0.334961 0.542969 0.335938 0.541667 0.335938 0.540365 0.336914 0.539062 0.336914 0.53776 0.337891 0.536458 0.337891 0.535156 0.338867 0.533854 0.338867 0.532552 0.339844 0.53125 0.339844 0.529948 0.341797 0.527344 0.341797 0.526042 0.345703 0.520833 0.348633 0.520833 0.348633 0.497396
1 0.837891 0.851562 0.837891 0.91276 0.84082 0.91276 0.84375 0.916667 0.84375 0.917969 0.844727 0.919271 0.844727 0.920573 0.845703 0.921875 0.845703 0.925781 0.84668 0.927083 0.84668 0.929688 0.847656 0.93099 0.847656 0.933594 0.848633 0.934896 0.848633 0.9375 0.849609 0.938802 0.849609 0.941406 0.850586 0.942708 0.850586 0.945312 0.851562 0.946615 0.851562 0.949219 0.852539 0.950521 0.852539 0.954427 0.853516 0.955729 0.853516 0.957031 0.854492 0.958333 0.854492 0.960938 0.855469 0.96224 0.855469 0.963542 0.856445 0.964844 0.856445 0.966146 0.857422 0.967448 0.857422 0.96875 0.860352 0.972656 0.862305 0.972656 0.863281 0.973958 0.865234 0.973958 0.866211 0.972656 0.868164 0.972656 0.870117 0.970052 0.871094 0.970052 0.871094 0.96875 0.873047 0.966146 0.873047 0.964844 0.874023 0.963542 0.874023 0.957031 0.875 0.955729 0.875 0.942708 0.875977 0.941406 0.875977 0.938802 0.876953 0.9375 0.879883 0.9375 0.879883 0.907552 0.876953 0.907552 0.875977 0.90625 0.875977 0.904948 0.875 0.903646 0.875 0.898438 0.874023 0.897135 0.874023 0.893229 0.873047 0.891927 0.873047 0.889323 0.87207 0.888021 0.87207 0.885417 0.871094 0.884115 0.871094 0.88151 0.870117 0.880208 0.870117 0.877604 0.869141 0.876302 0.869141 0.873698 0.868164 0.872396 0.868164 0.871094 0.867188 0.869792 0.867188 0.867188 0.866211 0.865885 0.866211 0.864583 0.864258 0.861979 0.864258 0.860677 0.861328 0.856771 0.861328 0.851562
0 0.951172 0.169271 0.951172 0.209635 0.954102 0.209635 0.955078 0.210938 0.955078 0.21224 0.956055 0.213542 0.956055 0.216146 0.957031 0.217448 0.957031 0.220052 0.958008 0.221354 0.958008 0.222656 0.958984 0.223958 0.958984 0.226562 0.959961 0.227865 0.959961 0.229167 0.960938 0.230469 0.960938 0.231771 0.961914 0.233073 0.961914 0.234375 0.962891 0.235677 0.962891 0.236979 0.963867 0.238281 0.963867 0.239583 0.964844 0.240885 0.964844 0.24349 0.966797 0.246094 0.966797 0.247396 0.967773 0.248698 0.967773 0.25 0.96875 0.251302 0.96875 0.252604 0.969727 0.253906 0.969727 0.255208 0.970703 0.25651 0.970703 0.257812 0.972656 0.260417 0.972656 0.261719 0.974609 0.264323 0.974609 0.265625 0.977539 0.269531 0.978516 0.269531 0.981445 0.273438 0.981445 0.277344 0.988281 0.277344 0.988281 0.273438 0.989258 0.272135 0.990234 0.272135 0.991211 0.270833 0.995117 0.270833 0.996094 0.272135 0.996094 0.277344 0.999023 0.277344 0.999023 0.169271
1 0.951172 0.169271 0.951172 0.209635 0.954102 0.209635 0.956055 0.21224 0.956055 0.214844 0.957031 0.216146 0.957031 0.21875 0.958008 0.220052 0.958008 0.222656 0.958984 0.223958 0.958984 0.22526 0.959961 0.226562 0.959961 0.229167 0.960938 0.230469 0.960938 0.231771 0.961914 0.233073 0.961914 0.234375 0.962891 0.235677 0.962891 0.236979 0.963867 0.238281 0.963867 0.239583 0.964844 0.240885 0.964844 0.242188 0.96582 0.24349 0.96582 0.244792 0.966797 0.246094 0.966797 0.247396 0.967773 0.248698 0.967773 0.25 0.96875 0.251302 0.96875 0.252604 0.969727 0.253906 0.969727 0.255208 0.970703 0.25651 0.970703 0.257812 0.972656 0.260417 0.972656 0.261719 0.981445 0.273438 0.981445 0.277344 0.988281 0.277344 0.988281 0.273438 0.990234 0.270833 0.992188 0.270833 0.993164 0.269531 0.994141 0.269531 0.995117 0.270833 0.996094 0.270833 0.99707 0.272135 0.99707 0.277344 0.999023 0.277344 0.999023 0.169271
1 0.587891 0.638021 0.587891 0.658854 0.591797 0.658854 0.595703 0.664062 0.59668 0.664062 0.598633 0.666667 0.599609 0.666667 0.601562 0.669271 0.602539 0.669271 0.605469 0.673177 0.606445 0.673177 0.607422 0.674479 0.608398 0.674479 0.609375 0.675781 0.610352 0.675781 0.611328 0.677083 0.612305 0.677083 0.613281 0.678385 0.614258 0.678385 0.615234 0.679688 0.616211 0.679688 0.617188 0.68099 0.618164 0.68099 0.619141 0.682292 0.620117 0.682292 0.621094 0.683594 0.62207 0.683594 0.623047 0.684896 0.624023 0.684896 0.625 0.686198 0.625977 0.686198 0.626953 0.6875 0.62793 0.6875 0.629883 0.690104 0.629883 0.69401 0.645508 0.69401 0.645508 0.683594 0.642578 0.683594 0.640625 0.68099 0.640625 0.678385 0.642578 0.675781 0.645508 0.675781 0.645508 0.667969 0.642578 0.667969 0.640625 0.665365 0.640625 0.664062 0.639648 0.66276 0.639648 0.661458 0.629883 0.648438 0.628906 0.648438 0.624023 0.641927 0.624023 0.638021
1 0.701172 0.830729 0.701172 0.851562 0.704102 0.851562 0.705078 0.852865 0.706055 0.852865 0.71875 0.869792 0.719727 0.869792 0.72168 0.872396 0.72168 0.873698 0.722656 0.875 0.723633 0.875 0.729492 0.882812 0.730469 0.882812 0.733398 0.886719 0.734375 0.886719 0.736328 0.889323 0.737305 0.889323 0.740234 0.893229 0.741211 0.893229 0.745117 0.898438 0.746094 0.898438 0.74707 0.89974 0.748047 0.89974 0.749023 0.901042 0.75 0.901042 0.751953 0.903646 0.751953 0.907552 0.763672 0.907552 0.763672 0.903646 0.765625 0.901042 0.766602 0.901042 0.767578 0.89974 0.767578 0.898438 0.771484 0.893229 0.774414 0.893229 0.774414 0.876302 0.770508 0.876302 0.769531 0.875 0.769531 0.873698 0.767578 0.871094 0.766602 0.871094 0.761719 0.864583 0.760742 0.864583 0.754883 0.856771 0.753906 0.856771 0.750977 0.852865 0.75 0.852865 0.746094 0.847656 0.745117 0.847656 0.743164 0.845052 0.742188 0.845052 0.740234 0.842448 0.739258 0.842448 0.733398 0.834635 0.733398 0.830729
1 0.533203 0.596354 0.533203 0.60026 0.532227 0.601562 0.530273 0.601562 0.529297 0.602865 0.522461 0.602865 0.521484 0.604167 0.514648 0.604167 0.513672 0.605469 0.509766 0.605469 0.508789 0.606771 0.506836 0.606771 0.505859 0.608073 0.50293 0.608073 0.501953 0.609375 0.5 0.609375 0.499023 0.610677 0.49707 0.610677 0.496094 0.611979 0.495117 0.611979 0.494141 0.613281 0.490234 0.613281 0.490234 0.622396 0.493164 0.622396 0.494141 0.623698 0.495117 0.623698 0.496094 0.625 0.49707 0.625 0.498047 0.626302 0.499023 0.626302 0.5 0.627604 0.500977 0.627604 0.501953 0.628906 0.50293 0.628906 0.503906 0.630208 0.504883 0.630208 0.505859 0.63151 0.506836 0.63151 0.507812 0.632812 0.508789 0.632812 0.509766 0.634115 0.510742 0.634115 0.511719 0.635417 0.513672 0.635417 0.514648 0.636719 0.523438 0.636719 0.524414 0.638021 0.525391 0.636719 0.543945 0.636719 0.544922 0.638021 0.561523 0.638021 0.5625 0.639323 0.569336 0.639323 0.570312 0.640625 0.576172 0.640625 0.577148 0.641927 0.581055 0.641927 0.582031 0.643229 0.582031 0.647135 0.583984 0.647135 0.583984 0.643229 0.584961 0.641927 0.585938 0.641927 0.586914 0.640625 0.588867 0.640625 0.59082 0.643229 0.59082 0.647135 0.606445 0.647135 0.606445 0.638021 0.598633 0.638021 0.597656 0.636719 0.598633 0.635417 0.606445 0.635417 0.606445 0.625 0.603516 0.625 0.597656 0.617188 0.59668 0.617188 0.595703 0.615885 0.594727 0.615885 0.592773 0.613281 0.591797 0.613281 0.59082 0.611979 0.589844 0.611979 0.588867 0.610677 0.587891 0.610677 0.586914 0.609375 0.585938 0.609375 0.584961 0.608073 0.583984 0.608073 0.582031 0.605469 0.581055 0.605469 0.579102 0.602865 0.578125 0.602865 0.576172 0.60026 0.576172 0.596354
1 0.642578 0.320312 0.642578 0.509115 0.645508 0.509115 0.646484 0.510417 0.646484 0.511719 0.647461 0.513021 0.647461 0.514323 0.649414 0.516927 0.649414 0.522135 0.658203 0.522135 0.658203 0.518229 0.664062 0.510417 0.664062 0.509115 0.666016 0.50651 0.666016 0.505208 0.667969 0.502604 0.667969 0.501302 0.668945 0.5 0.668945 0.498698 0.669922 0.497396 0.669922 0.496094 0.670898 0.494792 0.670898 0.49349 0.671875 0.492188 0.671875 0.489583 0.673828 0.486979 0.676758 0.486979 0.676758 0.360677 0.673828 0.360677 0.672852 0.359375 0.672852 0.356771 0.671875 0.355469 0.671875 0.35026 0.670898 0.348958 0.670898 0.346354 0.668945 0.34375 0.668945 0.342448 0.667969 0.341146 0.667969 0.339844 0.666992 0.338542 0.666992 0.33724 0.664062 0.333333 0.664062 0.332031 0.662109 0.329427 0.662109 0.328125 0.660156 0.325521 0.660156 0.320312
0 0.287109 0.00260417 0.287109 0.015625 0.290039 0.015625 0.291016 0.0169271 0.291016 0.0182292 0.291992 0.0195312 0.291992 0.0247396 0.292969 0.0260417 0.292969 0.0286458 0.293945 0.0299479 0.293945 0.03125 0.294922 0.0325521 0.294922 0.0351562 0.295898 0.0364583 0.295898 0.0403646 0.296875 0.0416667 0.296875 0.0442708 0.295898 0.0455729 0.295898 0.046875 0.294922 0.0481771 0.294922 0.0494792 0.293945 0.0507812 0.293945 0.0520833 0.292969 0.0533854 0.292969 0.0546875 0.291992 0.0559896 0.291992 0.0572917 0.291016 0.0585938 0.291016 0.0598958 0.290039 0.0611979 0.287109 0.0611979 0.287109 0.135417 0.290039 0.135417 0.291016 0.136719 0.291016 0.138021 0.292969 0.140625 0.292969 0.141927 0.293945 0.143229 0.293945 0.144531 0.295898 0.147135 0.295898 0.148438 0.296875 0.14974 0.296875 0.151042 0.297852 0.152344 0.297852 0.153646 0.298828 0.154948 0.298828 0.15625 0.299805 0.157552 0.299805 0.160156 0.300781 0.161458 0.300781 0.177083 0.299805 0.178385 0.299805 0.1875 0.298828 0.188802 0.298828 0.196615 0.299805 0.197917 0.299805 0.199219 0.300781 0.200521 0.300781 0.204427 0.314453 0.204427 0.314453 0.199219 0.31543 0.197917 0.316406 0.197917 0.318359 0.195312 0.319336 0.195312 0.320312 0.19401 0.321289 0.19401 0.321289 0.192708 0.323242 0.190104 0.323242 0.188802 0.325195 0.186198 0.325195 0.184896 0.326172 0.183594 0.326172 0.182292 0.327148 0.18099 0.327148 0.178385 0.328125 0.177083 0.328125 0.174479 0.329102 0.173177 0.329102 0.171875 0.330078 0.170573 0.330078 0.167969 0.331055 0.166667 0.331055 0.165365 0.332031 0.164062 0.332031 0.16276 0.333008 0.161458 0.333008 0.160156 0.334961 0.157552 0.334961 0.15625 0.336914 0.153646 0.336914 0.152344 0.337891 0.151042 0.337891 0.14974 0.338867 0.148438 0.338867 0.145833 0.339844 0.144531 0.339844 0.141927 0.34082 0.140625 0.34082 0.138021 0.341797 0.136719 0.341797 0.134115 0.342773 0.132812 0.342773 0.130208 0.34375 0.128906 0.34375 0.125 0.344727 0.123698 0.344727 0.122396 0.345703 0.121094 0.348633 0.121094 0.348633 0.0768229 0.345703 0.0768229 0.344727 0.0755208 0.344727 0.0742188 0.34375 0.0729167 0.34375 0.0638021 0.342773 0.0625 0.342773 0.0585938 0.341797 0.0572917 0.341797 0.0533854 0.34082 0.0520833 0.34082 0.0507812 0.339844 0.0494792 0.339844 0.0455729 0.338867 0.0442708 0.338867 0.0364583 0.34082 0.0338542 0.341797 0.0338542 0.342773 0.0351562 0.344727 0.0351562 0.345703 0.0364583 0.348633 0.0364583 0.348633 0.0117188 0.345703 0.0117188 0.34375 0.00911458 0.34375 0.0078125 0.342773 0.00651042 0.342773 0.00260417
0 0.955078 0.919271 0.955078 0.959635 0.958008 0.959635 0.958984 0.960938 0.959961 0.960938 0.961914 0.963542 0.961914 0.964844 0.96582 0.970052 0.96582 0.971354 0.966797 0.972656 0.967773 0.972656 0.96875 0.973958 0.96875 0.97526 0.969727 0.976562 0.970703 0.976562 0.975586 0.983073 0.976562 0.983073 0.978516 0.985677 0.979492 0.985677 0.982422 0.989583 0.983398 0.989583 0.985352 0.992188 0.986328 0.992188 0.987305 0.99349 0.988281 0.99349 0.989258 0.994792 0.992188 0.994792 0.993164 0.996094 0.994141 0.996094 0.995117 0.997396 0.995117 0.998698 0.999023 0.998698 0.999023 0.919271
1 0.996094 0.807292 0.995117 0.808594 0.994141 0.808594 0.987305 0.817708 0.986328 0.817708 0.981445 0.824219 0.980469 0.824219 0.977539 0.828125 0.976562 0.828125 0.972656 0.833333 0.97168 0.833333 0.96582 0.841146 0.964844 0.841146 0.958008 0.85026 0.957031 0.85026 0.954102 0.854167 0.953125 0.854167 0.951172 0.856771 0.947266 0.856771 0.947266 0.873698 0.951172 0.873698 0.952148 0.875 0.953125 0.875 0.955078 0.877604 0.956055 0.877604 0.957031 0.878906 0.958008 0.878906 0.959961 0.88151 0.960938 0.88151 0.961914 0.882812 0.962891 0.882812 0.96582 0.886719 0.966797 0.886719 0.96875 0.889323 0.969727 0.889323 0.970703 0.890625 0.972656 0.890625 0.973633 0.891927 0.974609 0.891927 0.975586 0.893229 0.975586 0.897135 0.986328 0.897135 0.986328 0.893229 0.988281 0.890625 0.990234 0.890625 0.991211 0.889323 0.992188 0.889323 0.993164 0.888021 0.994141 0.888021 0.996094 0.885417 0.99707 0.885417 0.998047 0.884115 0.999023 0.884115 0.999023 0.807292
